[Driver]
Brand=AE
Model=IB15HT-8
Manufacturer=
ProvidedBy=Matt
Comment=
DateAdded=20150404
DateModified=20150404
Qts=0.699372413632551
Znom=8
Fs=15.9956736292783
Pe=300
SPL=85.6671160793796
Re=5.5
Le=0.00033
fLe=0
KLe=0
BL=12.49
Xmax=0.018
Cms=0.00045
Qms=6.8
Qes=0.779548062125375
Rms=3.25159293172098
Mms=0.22
Sd=0.083
Vas=0.43975759275
Dia=0
Vd=0.001494
no=0.00224524926128505
Dd=0.325082885143187
EBP=20.5191628411818
numVC=1
Hc=0
Hg=0
SPLmax=107.438328626576
SPLmaxLF=104.051492529594
USPL=87.299217894923
alfaVC=0
Rt=0
Ct=0
gamma=56.7727272727273
Rme=28.3636545454545
Mpow=5.32575389456315
Mcost=0
Gloss=0.053936575
VCCon=1
c=343.68275625794
roo=1.20096171470853
Thick=0
Depth=0
MagDepth=0
Magnet=0
Basket=0
Outer=0
Vcd=0
DVol=0
ParState=CCECEENNEENEECCCEECCNCCENNCCCNNNCCCCNCNNNNNNNNNCC
