[Driver]
Brand=AE
Model=SB10-8ohm
Manufacturer=
ProvidedBy=Matt
Comment=
DateAdded=20130918
DateModified=20130918
Qts=0.471141569211538
Znom=8
Fs=23.9935104439174
Pe=500
SPL=84.5018532666259
Re=5.5
Le=0.0003
fLe=0
KLe=0
BL=13.1
Xmax=0.014
Cms=0.0004
Qms=4.15
Qes=0.531479411076123
Rms=3.9959334823559
Mms=0.11
Sd=0.0346
Vas=0.06792925272
Dia=0
Vd=0.0004844
no=0.00171687343503897
Dd=0.209890657838401
EBP=45.144759973554
numVC=1
Hc=0
Hg=0
SPLmax=108.491553309986
SPLmaxLF=94.2685632694263
USPL=86.1339550821692
alfaVC=0
Rt=0
Ct=0
gamma=119.090909090909
Rme=31.2018181818182
Mpow=5.58585876851699
Mcost=0
Gloss=0.0308209
VCCon=1
c=343.68275625794
roo=1.20096171470853
Thick=0
Depth=0
MagDepth=0
Magnet=0
Basket=0
Outer=0
Vcd=0
DVol=0
ParState=CCECEENNEEEEECCCEECCNCCENNCCCNNNCCCCNCNNNNNNNNNCC
