[Driver]
Brand=AE
Model=SB15-8ohm
Manufacturer=
ProvidedBy=Matt
Comment=
DateAdded=20130918
DateModified=20130918
Qts=0.430106449645457
Znom=8
Fs=21.2679738736206
Pe=500
SPL=90.7638280002634
Re=5.6
Le=0.0003
fLe=0
KLe=0
BL=16
Xmax=0.014
Cms=0.00035
Qms=5.35
Qes=0.467707173346743
Rms=3.99642978560635
Mms=0.16
Sd=0.0855
Vas=0.3629484298125
Dia=0
Vd=0.001197
no=0.00725998551595899
Dd=0.329942390539404
EBP=45.4728408833987
numVC=1
Hc=0
Hg=0
SPLmax=114.753528043624
SPLmaxLF=102.126363588134
USPL=92.3176764406872
alfaVC=0
Rt=0
Ct=0
gamma=100
Rme=45.7142857142857
Mpow=6.76123403782813
Mcost=0
Gloss=0.0392266
VCCon=1
c=343.68275625794
roo=1.20096171470853
Thick=0
Depth=0
MagDepth=0
Magnet=0
Basket=0
Outer=0
Vcd=0
DVol=0
ParState=CCECEENNEEEEECCCEECCNCCENNCCCNNNCCCCNCNNNNNNNNNCC
