[Driver]
Brand=AE
Model=SB15-4ohm
Manufacturer=
ProvidedBy=Matt
Comment=
DateAdded=20130918
DateModified=20130918
Qts=0.430808007319192
Znom=4
Fs=21.2679738736206
Pe=500
SPL=90.7561305513502
Re=2.7
Le=0.0003
fLe=0
KLe=0
BL=11.1
Xmax=0.014
Cms=0.00035
Qms=5.35
Qes=0.468536874061226
Rms=3.99642978560635
Mms=0.16
Sd=0.0855
Vas=0.3629484298125
Dia=0
Vd=0.001197
no=0.00724712929160781
Dd=0.329942390539404
EBP=45.392316061001
numVC=1
Hc=0
Hg=0
SPLmax=114.74583059471
SPLmaxLF=102.126363588134
USPL=95.4782216202461
alfaVC=0
Rt=0
Ct=0
gamma=69.375
Rme=45.6333333333333
Mpow=6.75524487589705
Mcost=0
Gloss=0.0392266
VCCon=1
c=343.68275625794
roo=1.20096171470853
Thick=0
Depth=0
MagDepth=0
Magnet=0
Basket=0
Outer=0
Vcd=0
DVol=0
ParState=CCECEENNEEEEECCCEECCNCCENNCCCNNNCCCCNCNNNNNNNNNCC
