[Driver]
Brand=AE
Model=SB12-8ohm
Manufacturer=
ProvidedBy=Matt
Comment=
DateAdded=20130918
DateModified=20130918
Qts=0.479569609743733
Znom=8
Fs=23.5688129825741
Pe=500
SPL=87.8956053592212
Re=5.5
Le=0.0003
fLe=0
KLe=0
BL=13.1
Xmax=0.014
Cms=0.0004
Qms=4.22
Qes=0.541056387091298
Rms=4.00046043036354
Mms=0.114
Sd=0.053
Vas=0.159388278
Dia=0
Vd=0.000742
no=0.00375071003273691
Dd=0.259772392434153
EBP=43.5607333078152
numVC=1
Hc=0
Hg=0
SPLmax=111.885305402581
SPLmaxLF=97.9725586855866
USPL=89.5277071747645
alfaVC=0
Rt=0
Ct=0
gamma=114.912280701754
Rme=31.2018181818182
Mpow=5.58585876851699
Mcost=0
Gloss=0.03194166
VCCon=1
c=343.68275625794
roo=1.20096171470853
Thick=0
Depth=0
MagDepth=0
Magnet=0
Basket=0
Outer=0
Vcd=0
DVol=0
ParState=CCECEENNEEEEECCCEECCNCCENNCCCNNNCCCCNCNNNNNNNNNCC
