[Driver]
Brand=AE
Model=SB10-4ohm
Manufacturer=
ProvidedBy=Matt
Comment=
DateAdded=20130918
DateModified=20130918
Qts=0.47517761087676
Znom=6
Fs=23.9935104439174
Pe=500
SPL=84.4600405909259
Re=3.5
Le=0.0003
fLe=0
KLe=0
BL=10.4
Xmax=0.014
Cms=0.0004
Qms=4.15
Qes=0.536621059830062
Rms=3.9959334823559
Mms=0.11
Sd=0.0346
Vas=0.06792925272
Dia=0
Vd=0.0004844
no=0.00170042316720801
Dd=0.209890657838401
EBP=44.7122042722582
numVC=1
Hc=0
Hg=0
SPLmax=108.449740634286
SPLmaxLF=94.2685632694263
USPL=88.0550888579089
alfaVC=0
Rt=0
Ct=0
gamma=94.5454545454545
Rme=30.9028571428571
Mpow=5.55903383177843
Mcost=0
Gloss=0.0308209
VCCon=1
c=343.68275625794
roo=1.20096171470853
Thick=0
Depth=0
MagDepth=0
Magnet=0
Basket=0
Outer=0
Vcd=0
DVol=0
ParState=CCECEENNEEEEECCCEECCNCCENNCCCNNNCCCCNCNNNNNNNNNCC
