[Driver]
Brand=AE
Model=SB12-4ohm
Manufacturer=
ProvidedBy=Matt
Comment=
DateAdded=20130918
DateModified=20130918
Qts=0.475541522883884
Znom=6
Fs=23.5688129825741
Pe=500
SPL=87.9369118789443
Re=3.5
Le=0.0003
fLe=0
KLe=0
BL=10.5
Xmax=0.014
Cms=0.0004
Qms=4.22
Qes=0.535934698924893
Rms=4.00046043036354
Mms=0.114
Sd=0.053
Vas=0.159388278
Dia=0
Vd=0.000742
no=0.00378655389063381
Dd=0.259772392434153
EBP=43.9770237490763
numVC=1
Hc=0
Hg=0
SPLmax=111.926611922305
SPLmaxLF=97.9725586855866
USPL=91.5319601459274
alfaVC=0
Rt=0
Ct=0
gamma=92.1052631578947
Rme=31.5
Mpow=5.61248608016091
Mcost=0
Gloss=0.03194166
VCCon=1
c=343.68275625794
roo=1.20096171470853
Thick=0
Depth=0
MagDepth=0
Magnet=0
Basket=0
Outer=0
Vcd=0
DVol=0
ParState=CCECEENNEEEEECCCEECCNCCENNCCCNNNCCCCNCNNNNNNNNNCC
