[Driver]
Brand=AE
Model=TD15M
Manufacturer=
ProvidedBy=Matt
Comment=
DateAdded=20130207
DateModified=20130207
Qts=0.32647163816043
Znom=10
Fs=34.7304559021428
Pe=500
SPL=97.7572865421871
Re=6.6
Le=0.0002
fLe=0
KLe=0
BL=17
Xmax=0.006
Cms=0.0003
Qms=5.09
Qes=0.3488465926956
Rms=3.00103188929656
Mms=0.07
Sd=0.0855
Vas=0.311098654125
Dia=0
Vd=0.000513
no=0.036331356088522
Dd=0.329942390539404
EBP=99.557962237138
numVC=1
Hc=0
Hg=0
SPLmax=121.746986585547
SPLmaxLF=94.7668278822424
USPL=98.5975758972542
alfaVC=0
Rt=0
Ct=0
gamma=242.857142857143
Rme=43.7878787878788
Mpow=6.61724102537295
Mcost=0
Gloss=0.034323275
VCCon=1
c=343.68275625794
roo=1.20096171470853
Thick=0
Depth=0
MagDepth=0
Magnet=0
Basket=0
Outer=0
Vcd=0
DVol=0
ParState=CCECEENNEENEECCCEECCNCCENNCCCNNNCCCCNCNNNNNNNNNCC
