[Driver]
Brand=AE
Model=TD18H+
Manufacturer=
ProvidedBy=Matt
Comment=
DateAdded=20130210
DateModified=20130210
Qts=0.220825786638776
Znom=8
Fs=28.8066194450524
Pe=1000
SPL=98.1292987180966
Re=5.6
Le=0.00041
fLe=0
KLe=0
BL=27
Xmax=0.014
Cms=0.000185
Qms=5.9
Qes=0.229412251186722
Rms=5.06178968266102
Mms=0.165
Sd=0.122
Vas=0.3906034167
Dia=0
Vd=0.001708
no=0.0395806412562106
Dd=0.39412589924755
EBP=125.567049257567
numVC=1
Hc=0
Hg=0
SPLmax=125.129298718097
SPLmaxLF=105.214237907066
USPL=99.6831471585204
alfaVC=0
Rt=0
Ct=0
gamma=163.636363636364
Rme=130.178571428571
Mpow=11.409582438835
Mcost=0
Gloss=0.021381999375
VCCon=1
c=343.68275625794
roo=1.20096171470853
Thick=0
Depth=0
MagDepth=0
Magnet=0
Basket=0
Outer=0
Vcd=0
DVol=0
ParState=CCECEENNEEEEECCCEECCNCCENNCCCNNNCCCCNCNNNNNNNNNCC
