[Driver]
Brand=AE
Model=TD12M
Manufacturer=
ProvidedBy=Matt
Comment=
DateAdded=20121229
DateModified=20121229
Qts=0.3
Znom=8
Fs=30.5
Pe=500
SPL=93.6
Re=6
Le=0
fLe=0
KLe=0
BL=14.714312313668
Xmax=0.014
Cms=0.000427525890380076
Qms=2.65335434488873
Qes=0.338243284610102
Rms=4.60005071770014
Mms=0.0636910141873906
Sd=0.0531
Vas=0.171
Dia=0
Vd=0.0007434
no=0.0139493173357393
Dd=0.260017345239577
EBP=90.1717828194514
numVC=1
Hc=0
Hg=0
SPLmax=117.58970004336
SPLmaxLF=97.9889317152001
USPL=94.8542162066494
alfaVC=0
Rt=0
Ct=0
gamma=231.026503524906
Rme=36.0851644773604
Mpow=6.00709284740634
Mcost=0
Gloss=0.019073624324608
VCCon=1
c=343.68275625794
roo=1.20096171470853
Thick=0
Depth=0
MagDepth=0
Magnet=0
Basket=0
Outer=0
Vcd=0
DVol=0
ParState=CEEEENNNCENCCCECCECENCCENNCCCNNNCCCCNCNNNNNNNNNCC
