[Driver]
Brand=AE
Model=TD12M
Manufacturer=
ProvidedBy=Matt
Comment=
DateAdded=20121229
DateModified=20121229
Qts=0.25012475326065
Znom=10
Fs=38.0453082600841
Pe=500
SPL=96.5424153828178
Re=6.6
Le=0.0002
fLe=0
KLe=0
BL=17
Xmax=0.006
Cms=0.00035
Qms=2.99
Qes=0.272958782754567
Rms=3.99742009810834
Mms=0.05
Sd=0.0531
Vas=0.1399915217925
Dia=0
Vd=0.0003186
no=0.0274659416140193
Dd=0.260017345239577
EBP=139.381147131993
numVC=1
Hc=0
Hg=0
SPLmax=120.532115426178
SPLmaxLF=90.6293960093083
USPL=97.3827047378849
alfaVC=0
Rt=0
Ct=0
gamma=340
Rme=43.7878787878788
Mpow=6.61724102537295
Mcost=0
Gloss=0.0286027291666667
VCCon=1
c=343.68275625794
roo=1.20096171470853
Thick=0
Depth=0
MagDepth=0
Magnet=0
Basket=0
Outer=0
Vcd=0
DVol=0
ParState=CCECEENNEENEECCCEECCNCCENNCCCNNNCCCCNCNNNNNNNNNCC
