[Driver]
Brand=Alpine
Model=SWS-15D4
Manufacturer=
ProvidedBy=Matt
Comment=
DateAdded=20170804
DateModified=20170804
Qts=0.43656699889258
Znom=2
Fs=27
Pe=500
SPL=88.6405079303917
Re=1.75
Le=0.00242
fLe=0
KLe=0
BL=13.431860884807
Xmax=0.015
Cms=0.000124298021038005
Qms=8.57
Qes=0.46
Rms=5.53364547032849
Mms=0.279542935052656
Sd=0.0779
Vas=0.107
Dia=0
Vd=0.0011685
no=0.00445249814576522
Dd=0.314937073928855
EBP=58.695652173913
numVC=1
Hc=0
Hg=0
SPLmax=112.630207973752
SPLmaxLF=101.917054914571
USPL=95.2458561540146
alfaVC=0
Rt=0
Ct=0
gamma=48.0493663067423
Rme=103.094221045033
Mpow=10.1535324417186
Mcost=0
Gloss=0.0227165383074104
VCCon=1
c=343.68275625794
roo=1.20096171470853
Thick=0
Depth=0
MagDepth=0
Magnet=0
Basket=0
Outer=0
Vcd=0
DVol=0
ParState=CEECEENNCEECEECCCECENCCENNCCCNNNCCCCNCNNNNNNNNNCC
