[Driver]
Model=Aura NS6-255-8A
Manufacturer=
ProvidedBy=Matt
Comment=
DateAdded=20110905
DateModified=20110905
Qts=0.627453463186742
Znom=10
Fs=63.0594844023497
Pe=50
SPL=88.2175458177352
Re=6.2
Le=0.00103
fLe=0
KLe=0
BL=6.89
Xmax=0.005
Cms=0.00049
Qms=9.327
Qes=0.672708448236716
Rms=0.552244830746985
Mms=0.013
Sd=0.0126612903225806
Vas=0.0111428597070109
Dia=0
Vd=6.33064516129032E-5
no=0.00403931326730197
Dd=0.126967931093179
EBP=93.7396944659152
numVC=1
Hc=0
Hg=0
SPLmax=102.207245861095
SPLmaxLF=76.5934400116664
USPL=89.3293576332385
alfaVC=0
Rt=0
Ct=0
gamma=530
Rme=7.65679032258064
Mpow=2.76709058806911
Mcost=0
Gloss=0.0124936721
VCCon=1
c=343.68275625794
roo=1.20096171470853
Thick=0
Depth=0
MagDepth=0
Magnet=0
Basket=0
Outer=0
Vcd=0
DVol=0
ParState=CCECEENNEENEECCCEECCNCCENNCCCNNNCCCCNCNNNNNNNNNCC
