[Driver]
Brand=Aurum Cantus 
Model=AC200/50C2C 8in Woofer
Manufacturer=
ProvidedBy=Matt
Comment=
DateAdded=20120318
DateModified=20120318
Qts=0.275620777593945
Znom=10
Fs=25.6902095326363
Pe=150
SPL=90.7864852461344
Re=7
Le=0.00067
fLe=0
KLe=0
BL=8.8
Xmax=0.006
Cms=0.0019
Qms=4.25
Qes=0.294734910591928
Rms=0.767202402562652
Mms=0.0202
Sd=0.022
Vas=0.130449858
Dia=0
Vd=0.000132
no=0.00729796000292854
Dd=0.16736567743768
EBP=87.1637821289701
numVC=1
Hc=0
Hg=0
SPLmax=109.547397836691
SPLmaxLF=82.975959204123
USPL=91.3712335564777
alfaVC=0
Rt=0
Ct=0
gamma=435.643564356436
Rme=11.0628571428571
Mpow=3.3260873624812
Mcost=0
Gloss=0.0627298711666667
VCCon=1
c=343.68275625794
roo=1.20096171470853
Thick=0
Depth=0
MagDepth=0
Magnet=0
Basket=0
Outer=0
Vcd=0
DVol=0
ParState=CCECEENNEENEECCCEECCNCCENNCCCNNNCCCCNCNNNNNNNNNCC
