[Driver]
Brand=Aurum Cantus 
Model=AC300-75C2C
Manufacturer=
ProvidedBy=Matt
Comment=
DateAdded=20120812
DateModified=20120812
Qts=0.37699239311696
Znom=10
Fs=21.5389143999225
Pe=250
SPL=89.0606985652192
Re=7
Le=0.00131
fLe=0
KLe=0
BL=13.2
Xmax=0.008
Cms=0.00065
Qms=2.16
Qes=0.456702240634945
Rms=5.26294963017412
Mms=0.084
Sd=0.05
Vas=0.230514375
Dia=0
Vd=0.0004
no=0.00490481702686701
Dd=0.252313252202016
EBP=47.1618321162106
numVC=1
Hc=0
Hg=0
SPLmax=110.04009865194
SPLmaxLF=92.6056804065653
USPL=89.6454468755624
alfaVC=0
Rt=0
Ct=0
gamma=157.142857142857
Rme=24.8914285714286
Mpow=4.9891310437218
Mcost=0
Gloss=0.06693038625
VCCon=1
c=343.68275625794
roo=1.20096171470853
Thick=0
Depth=0
MagDepth=0
Magnet=0
Basket=0
Outer=0
Vcd=0
DVol=0
ParState=CCECEENNEENEECCCEECCNCCENNCCCNNNCCCCNCNNNNNNNNNCC
