[Driver]
Brand=B&C
Model=8FW51
Manufacturer=
ProvidedBy=Matt
Comment=
DateAdded=20130911
DateModified=20130911
Qts=0.196129069197983
Znom=8
Fs=74
Pe=200
SPL=95.7973295929023
Re=5
Le=0.00056
fLe=0
KLe=0
BL=17.7
Xmax=0.006
Cms=0.000171321970014504
Qms=9.3
Qes=0.200354372047381
Rms=1.34987142405858
Mms=0.027
Sd=0.022
Vas=0.0117625929793012
Dia=0
Vd=0.000132
no=0.0231358741656879
Dd=0.16736567743768
EBP=369.345571268592
numVC=1
Hc=0
Hg=0
SPLmax=115.807629549542
SPLmaxLF=82.975959204123
USPL=97.8433582600279
alfaVC=0
Rt=0
Ct=0
gamma=655.555555555556
Rme=62.658
Mpow=7.91568064034926
Mcost=0
Gloss=0.00756042568759231
VCCon=1
c=343.68275625794
roo=1.20096171470853
Thick=0
Depth=0
MagDepth=0
Magnet=0
Basket=0
Outer=0
Vcd=0
DVol=0
ParState=CEECEENNEENCECCCEECCNCCENNCCCNNNCCCCNCNNNNNNNNNCC
