[Driver]
Brand=B&C
Model=21IPAL
Manufacturer=
ProvidedBy=Matt
Comment=
DateAdded=20170416
DateModified=20170416
Qts=0.208018550359348
Znom=2
Fs=37
Pe=2500
SPL=97.5316793307985
Re=0.7
Le=0.0005
fLe=0
KLe=0
BL=19.1
Xmax=0.022
Cms=3.79933732270358E-5
Qms=4.9
Qes=0.217241032962496
Rms=23.1054522551161
Mms=0.487
Sd=0.168
Vas=0.152114658046236
Dia=0
Vd=0.003696
no=0.0344921993376623
Dd=0.462497830822489
EBP=170.317731854956
numVC=1
Hc=0
Hg=0
SPLmax=128.511079417519
SPLmaxLF=111.919119830967
USPL=108.116427641142
alfaVC=0
Rt=0
Ct=0
gamma=39.2197125256674
Rme=521.157142857143
Mpow=22.8288664382869
Mcost=0
Gloss=0.00824773711373707
VCCon=1
c=343.68275625794
roo=1.20096171470853
Thick=0
Depth=0
MagDepth=0
Magnet=0
Basket=0
Outer=0
Vcd=0
DVol=0
ParState=CEECEENNEENCECCCEECCNCCENNCCCNNNCCCCNCNNNNNNNNNCC
