[Driver]
Brand=B&C
Model=8MDN51
Manufacturer=
ProvidedBy=Matt
Comment=
DateAdded=20120225
DateModified=20120225
Qts=0.208001010187906
Znom=8
Fs=70
Pe=200
SPL=95.8384097272269
Re=5.1
Le=0.0008
fLe=0
KLe=0
BL=15.3
Xmax=0.006
Cms=0.000224758615000749
Qms=3.7
Qes=0.220390595742029
Rms=2.73403468771868
Mms=0.023
Sd=0.022
Vas=0.0154314365321707
Dia=0
Vd=0.000132
no=0.0233557558641622
Dd=0.16736567743768
EBP=317.617908170348
numVC=1
Hc=0
Hg=0
SPLmax=115.848709683867
SPLmaxLF=82.975959204123
USPL=97.7984366767333
alfaVC=0
Rt=0
Ct=0
gamma=665.217391304348
Rme=45.9
Mpow=6.77495387438173
Mcost=0
Gloss=0.00844916144188887
VCCon=1
c=343.68275625794
roo=1.20096171470853
Thick=0
Depth=0
MagDepth=0
Magnet=0
Basket=0
Outer=0
Vcd=0
DVol=0
ParState=CEECEENNEENCECCCEECCNCCENNCCCNNNCCCCNCNNNNNNNNNCC
