[Driver]
Brand=B&C
Model=12CL76
Manufacturer=
ProvidedBy=Matt
Comment=
DateAdded=20121103
DateModified=20121103
Qts=0.211330792135234
Znom=8
Fs=48.4989182505909
Pe=350
SPL=96.9027621658574
Re=5.2
Le=0.0015
fLe=0
KLe=0
BL=22.4
Xmax=0.006
Cms=0.000153843134311398
Qms=4.8
Qes=0.221063614808081
Rms=4.443945487424
Mms=0.07
Sd=0.0522
Vas=0.0594653218064998
Dia=0
Vd=0.0003132
no=0.0298420855340494
Dd=0.257804391419494
EBP=219.388967708213
numVC=1
Hc=0
Hg=0
SPLmax=119.34344260936
SPLmaxLF=90.4809156477241
USPL=98.7784574399952
alfaVC=0
Rt=0
Ct=0
gamma=320
Rme=96.4923076923077
Mpow=9.82304981623873
Mcost=0
Gloss=0.0176013340194402
VCCon=1
c=343.68275625794
roo=1.20096171470853
Thick=0
Depth=0
MagDepth=0
Magnet=0
Basket=0
Outer=0
Vcd=0
DVol=0
ParState=CCECEENNEENCECCCEECENCCENNCCCNNNCCCCNCNNNNNNNNNCC
