[Driver]
Brand=B&C
Model=18PS76
Manufacturer=
ProvidedBy=Matt
Comment=
DateAdded=20130128
DateModified=20130128
Qts=0.277490166272166
Znom=8
Fs=39
Pe=600
SPL=98.7880034371022
Re=5.3
Le=0.0019
fLe=0
KLe=0
BL=25.8
Xmax=0.007
Cms=0.000111769879011885
Qms=6.1
Qes=0.290714839922644
Rms=5.98550652787223
Mms=0.149
Sd=0.121
Vas=0.232134756097248
Dia=0
Vd=0.000847
no=0.046063114398693
Dd=0.39250730555361
EBP=134.152078409129
numVC=1
Hc=0
Hg=0
SPLmax=123.569515940939
SPLmaxLF=99.1221487866202
USPL=100.58097345158
alfaVC=0
Rt=0
Ct=0
gamma=173.154362416107
Rme=125.592452830189
Mpow=11.2068038632872
Mcost=0
Gloss=0.0233310177882533
VCCon=1
c=343.68275625794
roo=1.20096171470853
Thick=0
Depth=0
MagDepth=0
Magnet=0
Basket=0
Outer=0
Vcd=0
DVol=0
ParState=CEECEENNEENCECCCEECCNCCENNCCCNNNCCCCNCNNNNNNNNNCC
