[Driver]
Brand=B&C
Model=15PL100
Manufacturer=
ProvidedBy=Matt
Comment=
DateAdded=20121020
DateModified=20121020
Qts=0.201244861485511
Znom=8
Fs=37
Pe=700
SPL=97.9099380485643
Re=5.3
Le=0.0017
fLe=0
KLe=0
BL=26.8
Xmax=0.007
Cms=0.000152915477368318
Qms=6.6
Qes=0.207574138571074
Rms=4.26209403337015
Mms=0.121
Sd=0.0855
Vas=0.158572664013885
Dia=0
Vd=0.0005985
no=0.037631086626856
Dd=0.329942390539404
EBP=178.249565455049
numVC=1
Hc=0
Hg=0
SPLmax=123.360918448707
SPLmaxLF=96.1057636748546
USPL=99.7029080630422
alfaVC=0
Rt=0
Ct=0
gamma=221.487603305785
Rme=135.516981132076
Mpow=11.6411761060503
Mcost=0
Gloss=0.0259214595003165
VCCon=1
c=343.68275625794
roo=1.20096171470853
Thick=0
Depth=0
MagDepth=0
Magnet=0
Basket=0
Outer=0
Vcd=0
DVol=0
ParState=CEECEENNEENCECCCEECCNCCENNCCCNNNCCCCNCNNNNNNNNNCC
