[Driver]
Brand=B&C
Model=12HPL76
Manufacturer=
ProvidedBy=Matt
Comment=
DateAdded=20121028
DateModified=20121028
Qts=0.229032907245054
Znom=8
Fs=49
Pe=350
SPL=98.4926004300665
Re=5.7
Le=0.0015
fLe=0
KLe=0
BL=17.3
Xmax=0.004
Cms=0.000245346376128013
Qms=2.5
Qes=0.252131468544542
Rms=5.29546857689096
Mms=0.043
Sd=0.0522
Vas=0.0948342691782374
Dia=0
Vd=0.0002088
no=0.0430341270045929
Dd=0.257804391419494
EBP=194.343055560887
numVC=1
Hc=0
Hg=0
SPLmax=120.933280873569
SPLmaxLF=86.9590904666105
USPL=99.9695805838274
alfaVC=0
Rt=0
Ct=0
gamma=402.325581395349
Rme=52.5070175438597
Mpow=7.24617261344633
Mcost=0
Gloss=0.0258647799241496
VCCon=1
c=343.68275625794
roo=1.20096171470853
Thick=0
Depth=0
MagDepth=0
Magnet=0
Basket=0
Outer=0
Vcd=0
DVol=0
ParState=CEECEENNEENCECCCEECCNCCENNCCCNNNCCCCNCNNNNNNNNNCC
