[Driver]
Brand=B&C
Model=8FG51
Manufacturer=
ProvidedBy=Matt
Comment=
DateAdded=20130911
DateModified=20130911
Qts=0.312525605030338
Znom=8
Fs=49
Pe=250
SPL=90.7955728678254
Re=5
Le=0.0005
fLe=0
KLe=0
BL=12.9
Xmax=0.0065
Cms=0.000301425547814416
Qms=9
Qes=0.323768487525179
Rms=1.19729586686811
Mms=0.035
Sd=0.022
Vas=0.0206952210052436
Dia=0
Vd=0.000143
no=0.00731324698891082
Dd=0.16736567743768
EBP=151.342709028127
numVC=1
Hc=0
Hg=0
SPLmax=111.774972954546
SPLmaxLF=83.6712013293073
USPL=92.841601534951
alfaVC=0
Rt=0
Ct=0
gamma=368.571428571429
Rme=33.282
Mpow=5.76905538194946
Mcost=0
Gloss=0.0159167876456305
VCCon=1
c=343.68275625794
roo=1.20096171470853
Thick=0
Depth=0
MagDepth=0
Magnet=0
Basket=0
Outer=0
Vcd=0
DVol=0
ParState=CEECEENNEENCECCCEECCNCCENNCCCNNNCCCCNCNNNNNNNNNCC
