[Driver]
Brand=B&C
Model=10NW64
Manufacturer=
ProvidedBy=Matt
Comment=
DateAdded=20121028
DateModified=20121028
Qts=0.254716981132075
Znom=8
Fs=53.8466626714857
Pe=300
SPL=93.9681559208236
Re=5.2
Le=0.00047
fLe=0
KLe=0
BL=17.5
Xmax=0.008
Cms=0.000185876643762401
Qms=4.5
Qes=0.27
Rms=3.53365384615385
Mms=0.047
Sd=0.032
Vas=0.0270003520521374
Dia=0
Vd=0.000256
no=0.0151833829684074
Dd=0.201850601761613
EBP=199.432083968465
numVC=1
Hc=0
Hg=0
SPLmax=115.73936846802
SPLmaxLF=88.729279886243
USPL=95.8438511949615
alfaVC=0
Rt=0
Ct=0
gamma=372.340425531915
Rme=58.8942307692308
Mpow=7.67425766893651
Mcost=0
Gloss=0.0107091097327462
VCCon=1
c=343.68275625794
roo=1.20096171470853
Thick=0
Depth=0
MagDepth=0
Magnet=0
Basket=0
Outer=0
Vcd=0
DVol=0
ParState=CCECEENNEENCEECCEECCNCCENNCCCNNNCCCCNCNNNNNNNNNCC
