[Driver]
Brand=B&C
Model=12PLB76
Manufacturer=
ProvidedBy=Matt
Comment=
DateAdded=20121028
DateModified=20121028
Qts=0.234390110432539
Znom=8
Fs=50
Pe=350
SPL=97.9558927021989
Re=5.3
Le=0.0012
fLe=0
KLe=0
BL=18.6
Xmax=0.005
Cms=0.000198668987533996
Qms=5.2
Qes=0.245453952556747
Rms=3.08117741025153
Mms=0.051
Sd=0.0522
Vas=0.076791956492304
Dia=0
Vd=0.000261
no=0.0380313922619556
Dd=0.257804391419494
EBP=203.704195753134
numVC=1
Hc=0
Hg=0
SPLmax=120.396573145702
SPLmaxLF=88.8972907267716
USPL=99.7488627166769
alfaVC=0
Rt=0
Ct=0
gamma=364.705882352941
Rme=65.2754716981132
Mpow=8.07932371539309
Mcost=0
Gloss=0.0198724277113226
VCCon=1
c=343.68275625794
roo=1.20096171470853
Thick=0
Depth=0
MagDepth=0
Magnet=0
Basket=0
Outer=0
Vcd=0
DVol=0
ParState=CEECEENNEENCECCCEECCNCCENNCCCNNNCCCCNCNNNNNNNNNCC
