[Driver]
Brand=B&C 
Model=12PE32
Manufacturer=
ProvidedBy=Matt
Comment=
DateAdded=20130203
DateModified=20130203
Qts=0.183938548539331
Znom=8
Fs=51
Pe=500
SPL=100.582148963793
Re=5.8
Le=0.0012
fLe=0
KLe=0
BL=19.1
Xmax=0.0028
Cms=0.000263207455662421
Qms=7.6
Qes=0.18850072616693
Rms=1.56004877297998
Mms=0.037
Sd=0.0522
Vas=0.101738151155676
Dia=0
Vd=0.00014616
no=0.0696254236294207
Dd=0.257804391419494
EBP=270.555986902863
numVC=1
Hc=0
Hg=0
SPLmax=124.571849007153
SPLmaxLF=83.8610512668956
USPL=101.983597738649
alfaVC=0
Rt=0
Ct=0
gamma=516.216216216216
Rme=62.898275862069
Mpow=7.93084332603217
Mcost=0
Gloss=0.0341084948634499
VCCon=1
c=343.68275625794
roo=1.20096171470853
Thick=0
Depth=0
MagDepth=0
Magnet=0
Basket=0
Outer=0
Vcd=0
DVol=0
ParState=CEECEENNEENCECCCEECCNCCENNCCCNNNCCCCNCNNNNNNNNNCC
