[Driver]
Brand=B&C
Model=8NDL51
Manufacturer=
ProvidedBy=Matt
Comment=
DateAdded=20130912
DateModified=20130912
Qts=0.360189794031349
Znom=8
Fs=66
Pe=200
SPL=92.1373539725985
Re=5.3
Le=0.0005
fLe=0
KLe=0
BL=12.4
Xmax=0.007
Cms=0.000207679849719471
Qms=3.6
Qes=0.400234327345472
Rms=3.22536845768552
Mms=0.028
Sd=0.022
Vas=0.0142588457396665
Dia=0
Vd=0.000154
no=0.00996066540067454
Dd=0.16736567743768
EBP=164.903396562061
numVC=1
Hc=0
Hg=0
SPLmax=112.147653929238
SPLmaxLF=84.3148949967353
USPL=93.9303239870764
alfaVC=0
Rt=0
Ct=0
gamma=442.857142857143
Rme=29.011320754717
Mpow=5.38621581026206
Mcost=0
Gloss=0.0081465743930058
VCCon=1
c=343.68275625794
roo=1.20096171470853
Thick=0
Depth=0
MagDepth=0
Magnet=0
Basket=0
Outer=0
Vcd=0
DVol=0
ParState=CEECEENNEENCECCCEECCNCCENNCCCNNNCCCCNCNNNNNNNNNCC
