[Driver]
Brand=B&C
Model=21DS115
Manufacturer=
ProvidedBy=Matt
Comment=
DateAdded=20170210
DateModified=20170210
Qts=0.229644344898057
Znom=8
Fs=30
Pe=1700
SPL=97.0581849265931
Re=5.1
Le=0.0046
fLe=0
KLe=0
BL=40.8
Xmax=0.0165
Cms=6.91517769876725E-5
Qms=10
Qes=0.235041950369678
Rms=7.67176926006627
Mms=0.407
Sd=0.168
Vas=0.276864042761123
Dia=0
Vd=0.002772
no=0.0309293965599105
Dd=0.462497830822489
EBP=127.636789742493
numVC=1
Hc=0
Hg=0
SPLmax=126.362674140376
SPLmaxLF=109.420345098801
USPL=99.0182118760995
alfaVC=0
Rt=0
Ct=0
gamma=100.2457002457
Rme=326.4
Mpow=18.0665436650179
Mcost=0
Gloss=0.0167276327536386
VCCon=1
c=343.68275625794
roo=1.20096171470853
Thick=0
Depth=0
MagDepth=0
Magnet=0
Basket=0
Outer=0
Vcd=0
DVol=0
ParState=CEECEENNEENCECCCEECCNCCENNCCCNNNCCCCNCNNNNNNNNNCC
