[Driver]
Brand=B&C
Model=21SW115-4
Manufacturer=
ProvidedBy=Matt
Comment=
DateAdded=20160206
DateModified=20160206
Qts=0.355485242384437
Znom=4
Fs=33
Pe=1700
SPL=96.3155696872878
Re=3.3
Le=0.0017
fLe=0
KLe=0
BL=24.8
Xmax=0.014
Cms=6.94332631897933E-5
Qms=7.7
Qes=0.372691247372321
Rms=9.02085890530784
Mms=0.335
Sd=0.168
Vas=0.27799103343722
Dia=0
Vd=0.002352
no=0.0260681326913376
Dd=0.462497830822489
EBP=88.5451435542644
numVC=1
Hc=0
Hg=0
SPLmax=125.620058901071
SPLmaxLF=107.993226928088
USPL=100.166158998995
alfaVC=0
Rt=0
Ct=0
gamma=74.0298507462687
Rme=186.375757575758
Mpow=13.6519506875669
Mcost=0
Gloss=0.0162931487860116
VCCon=1
c=343.68275625794
roo=1.20096171470853
Thick=0
Depth=0
MagDepth=0
Magnet=0
Basket=0
Outer=0
Vcd=0
DVol=0
ParState=CEECEENNEENCECCCEECCNCCENNCCCNNNCCCCNCNNNNNNNNNCC
