[Driver]
Brand=B&C
Model=18TBX100
Manufacturer=
ProvidedBy=Matt
Comment=
DateAdded=20130129
DateModified=20130129
Qts=0.333941130492164
Znom=8
Fs=34
Pe=1200
SPL=95.9142695075696
Re=5.1
Le=0.0016
fLe=0
KLe=0
BL=25.5
Xmax=0.009
Cms=0.00010484220422917
Qms=7.2
Qes=0.350182861120142
Rms=6.20115483233585
Mms=0.209
Sd=0.121
Vas=0.217746674887681
Dia=0
Vd=0.001089
no=0.0237673031166163
Dd=0.39250730555361
EBP=97.0921303551036
numVC=1
Hc=0
Hg=0
SPLmax=123.706081968046
SPLmaxLF=101.305038175122
USPL=97.8742964570761
alfaVC=0
Rt=0
Ct=0
gamma=122.00956937799
Rme=127.5
Mpow=11.2915897906362
Mcost=0
Gloss=0.0238759464044149
VCCon=1
c=343.68275625794
roo=1.20096171470853
Thick=0
Depth=0
MagDepth=0
Magnet=0
Basket=0
Outer=0
Vcd=0
DVol=0
ParState=CEECEENNEENCECCCEECCNCCENNCCCNNNCCCCNCNNNNNNNNNCC
