[Driver]
Brand=B&C
Model=12CL64
Manufacturer=
ProvidedBy=Matt
Comment=
DateAdded=20120814
DateModified=20120814
Qts=0.300194615863487
Znom=8
Fs=52
Pe=250
SPL=96.6096763247058
Re=5.5
Le=0.0011
fLe=0
KLe=0
BL=17.5
Xmax=0.0045
Cms=0.000170322054266974
Qms=4.3
Qes=0.322724913900196
Rms=4.17904883221712
Mms=0.055
Sd=0.0522
Vas=0.0658349546313123
Dia=0
Vd=0.0002349
no=0.0278946288111463
Dd=0.257804391419494
EBP=161.127938254192
numVC=1
Hc=0
Hg=0
SPLmax=117.589076411426
SPLmaxLF=87.9821409155581
USPL=98.2417781402492
alfaVC=0
Rt=0
Ct=0
gamma=318.181818181818
Rme=55.6818181818182
Mpow=7.46202507244637
Mcost=0
Gloss=0.0204146405647216
VCCon=1
c=343.68275625794
roo=1.20096171470853
Thick=0
Depth=0
MagDepth=0
Magnet=0
Basket=0
Outer=0
Vcd=0
DVol=0
ParState=CEECEENNEENCECCCEECCNCCENNCCCNNNCCCCNCNNNNNNNNNCC
