[Driver]
Brand=B&C
Model=12TBX100
Manufacturer=
ProvidedBy=Matt
Comment=
DateAdded=20131021
DateModified=20131021
Qts=0.233306667806008
Znom=8
Fs=42
Pe=1000
SPL=93.7384407348597
Re=5
Le=0.0016
fLe=0
KLe=0
BL=25.5
Xmax=0.009
Cms=0.000120668724206751
Qms=6.9
Qes=0.241471435334745
Rms=4.55121161815704
Mms=0.119
Sd=0.0531
Vas=0.0482645666698932
Dia=0
Vd=0.0004779
no=0.0144011451510553
Dd=0.260017345239577
EBP=173.933616379
numVC=1
Hc=0
Hg=0
SPLmax=120.73844073486
SPLmaxLF=94.1512211904219
USPL=95.7844694019853
alfaVC=0
Rt=0
Ct=0
gamma=214.285714285714
Rme=130.05
Mpow=11.4039466852489
Mcost=0
Gloss=0.0156465952627572
VCCon=1
c=343.68275625794
roo=1.20096171470853
Thick=0
Depth=0
MagDepth=0
Magnet=0
Basket=0
Outer=0
Vcd=0
DVol=0
ParState=CEECEENNEENCECCCEECCNCCENNCCCNNNCCCCNCNNNNNNNNNCC
