[Driver]
Brand=B&C
Model=10PS26
Manufacturer=
ProvidedBy=Matt
Comment=
DateAdded=20130710
DateModified=20130710
Qts=0.293578342427236
Znom=8
Fs=54
Pe=350
SPL=94.6892090620806
Re=5.8
Le=0.0012
fLe=0
KLe=0
BL=14.1
Xmax=0.0055
Cms=0.000263232072895461
Qms=2.9
Qes=0.326645993968539
Rms=3.8609090404807
Mms=0.033
Sd=0.032
Vas=0.0382369645573997
Dia=0
Vd=0.000176
no=0.0179256065748432
Dd=0.201850601761613
EBP=165.316584305641
numVC=1
Hc=0
Hg=0
SPLmax=117.129889505583
SPLmaxLF=85.474733936289
USPL=96.090657836937
alfaVC=0
Rt=0
Ct=0
gamma=427.272727272727
Rme=34.2775862068966
Mpow=5.85470632968867
Mcost=0
Gloss=0.0154885488459616
VCCon=1
c=343.68275625794
roo=1.20096171470853
Thick=0
Depth=0
MagDepth=0
Magnet=0
Basket=0
Outer=0
Vcd=0
DVol=0
ParState=CEECEENNEENCECCCEECCNCCENNCCCNNNCCCCNCNNNNNNNNNCC
