[Driver]
Brand=B&C
Model=12PS100
Manufacturer=
ProvidedBy=Matt
Comment=
DateAdded=20121023
DateModified=20121023
Qts=0.284421505561048
Znom=8
Fs=44
Pe=700
SPL=93.4030507583153
Re=5.3
Le=0.002
fLe=0
KLe=0
BL=22.5
Xmax=0.008
Cms=0.000123432363512516
Qms=3.9
Qes=0.306795682459721
Rms=7.51404519812451
Mms=0.106
Sd=0.0531
Vas=0.0493699554473204
Dia=0
Vd=0.0004248
no=0.0133308557811469
Dd=0.260017345239577
EBP=143.417924421987
numVC=1
Hc=0
Hg=0
SPLmax=118.854031158458
SPLmaxLF=93.1281707414743
USPL=95.1960207727932
alfaVC=0
Rt=0
Ct=0
gamma=212.264150943396
Rme=95.5188679245283
Mpow=9.77337546216906
Mcost=0
Gloss=0.0160385683362302
VCCon=1
c=343.68275625794
roo=1.20096171470853
Thick=0
Depth=0
MagDepth=0
Magnet=0
Basket=0
Outer=0
Vcd=0
DVol=0
ParState=CEECEENNEENCECCCEECCNCCENNCCCNNNCCCCNCNNNNNNNNNCC
