[Driver]
Brand=B&C
Model=15FW76
Manufacturer=
ProvidedBy=Matt
Comment=
DateAdded=20121229
DateModified=20121229
Qts=0.210902255639098
Znom=8
Fs=40.2799902964976
Pe=500
SPL=98.1723151008178
Re=5.1
Le=0.0014
fLe=0
KLe=0
BL=26.2
Xmax=0.007
Cms=0.000133436821072909
Qms=5.1
Qes=0.22
Rms=5.80610534409842
Mms=0.117
Sd=0.0855
Vas=0.138373384821668
Dia=0
Vd=0.0005985
no=0.0399746310726365
Dd=0.329942390539404
EBP=183.09086498408
numVC=1
Hc=0
Hg=0
SPLmax=122.162015144178
SPLmaxLF=96.1057636748546
USPL=100.132342050324
alfaVC=0
Rt=0
Ct=0
gamma=223.931623931624
Rme=134.596078431373
Mpow=11.6015550005752
Mcost=0
Gloss=0.0218717827944047
VCCon=1
c=343.68275625794
roo=1.20096171470853
Thick=0
Depth=0
MagDepth=0
Magnet=0
Basket=0
Outer=0
Vcd=0
DVol=0
ParState=CCECEENNEENCEECCEECCNCCENNCCCNNNCCCCNCNNNNNNNNNCC
