[Driver]
Brand=B&C
Model=21SW152
Manufacturer=
ProvidedBy=Matt
Comment=
DateAdded=20150331
DateModified=20150331
Qts=0.296853625170999
Znom=6
Fs=33.3205221730515
Pe=2000
SPL=95.7802930258027
Re=3.4
Le=0.0015
fLe=0
KLe=0
BL=32.5
Xmax=0.016
Cms=4.95973912892358E-5
Qms=7
Qes=0.31
Rms=13.7578781512605
Mms=0.46
Sd=0.168
Vas=0.198573845256226
Dia=0
Vd=0.002688
no=0.0230452942023801
Dd=0.462497830822489
EBP=107.48555539694
numVC=1
Hc=0
Hg=0
SPLmax=125.790592982443
SPLmaxLF=109.153065867642
USPL=99.5012325658659
alfaVC=0
Rt=0
Ct=0
gamma=70.6521739130435
Rme=310.661764705882
Mpow=17.6255996977658
Mcost=0
Gloss=0.0139835473969893
VCCon=1
c=343.68275625794
roo=1.20096171470853
Thick=0
Depth=0
MagDepth=0
Magnet=0
Basket=0
Outer=0
Vcd=0
DVol=0
ParState=CCECEENNEENCEECCEECCNCCENNCCCNNNCCCCNCNNNNNNNNNCC
