[Driver]
Brand=B&C
Model=15NDL76
Manufacturer=
ProvidedBy=Matt
Comment=
DateAdded=20130101
DateModified=20130101
Qts=0.227848101265823
Znom=8
Fs=38.0057499718264
Pe=500
SPL=98.4011752757534
Re=5.3
Le=0.0015
fLe=0
KLe=0
BL=22.5
Xmax=0.007
Cms=0.000182671340750902
Qms=4.5
Qes=0.24
Rms=5.09433962264151
Mms=0.096
Sd=0.0855
Vas=0.189429360849383
Dia=0
Vd=0.0005985
no=0.042137666522831
Dd=0.329942390539404
EBP=158.357291549277
numVC=1
Hc=0
Hg=0
SPLmax=122.390875319114
SPLmaxLF=96.1057636748546
USPL=100.194145290231
alfaVC=0
Rt=0
Ct=0
gamma=234.375
Rme=95.5188679245283
Mpow=9.77337546216906
Mcost=0
Gloss=0.0245676878231977
VCCon=1
c=343.68275625794
roo=1.20096171470853
Thick=0
Depth=0
MagDepth=0
Magnet=0
Basket=0
Outer=0
Vcd=0
DVol=0
ParState=CCECEENNEENCEECCEECCNCCENNCCCNNNCCCCNCNNNNNNNNNCC
