[Driver]
Brand=B&C
Model=15TBX100
Manufacturer=
ProvidedBy=Matt
Comment=
DateAdded=20121020
DateModified=20121020
Qts=0.266721265389169
Znom=8
Fs=35
Pe=1000
SPL=95.057058029946
Re=5.1
Le=0.0016
fLe=0
KLe=0
BL=25.5
Xmax=0.009
Cms=0.000126857623190607
Qms=5.2
Qes=0.28114174256831
Rms=6.89337926489607
Mms=0.163
Sd=0.0855
Vas=0.131550786133647
Dia=0
Vd=0.0007695
no=0.0195100668387772
Dd=0.329942390539404
EBP=124.492363461452
numVC=1
Hc=0
Hg=0
SPLmax=122.057058029946
SPLmaxLF=98.288653063356
USPL=97.0170849794525
alfaVC=0
Rt=0
Ct=0
gamma=156.441717791411
Rme=127.5
Mpow=11.2915897906362
Mcost=0
Gloss=0.0225310971783703
VCCon=1
c=343.68275625794
roo=1.20096171470853
Thick=0
Depth=0
MagDepth=0
Magnet=0
Basket=0
Outer=0
Vcd=0
DVol=0
ParState=CEECEENNEENCECCCEECCNCCENNCCCNNNCCCCNCNNNNNNNNNCC
