[Driver]
Brand=B&C
Model=12FW76
Manufacturer=
ProvidedBy=Matt
Comment=
DateAdded=20131021
DateModified=20131021
Qts=0.174188189375823
Znom=8
Fs=54
Pe=500
SPL=97.9009492620097
Re=5
Le=0.0014
fLe=0
KLe=0
BL=26.4
Xmax=0.007
Cms=0.000115822112074003
Qms=3.8
Qes=0.182556391285564
Rms=6.6965527615993
Mms=0.075
Sd=0.0522
Vas=0.0447689732636889
Dia=0
Vd=0.0003654
no=0.0375532804360478
Dd=0.257804391419494
EBP=295.799011032873
numVC=1
Hc=0
Hg=0
SPLmax=121.89064930537
SPLmaxLF=91.8198514403364
USPL=99.9469779291353
alfaVC=0
Rt=0
Ct=0
gamma=352
Rme=139.392
Mpow=11.8064389211989
Mcost=0
Gloss=0.0121695740932556
VCCon=1
c=343.68275625794
roo=1.20096171470853
Thick=0
Depth=0
MagDepth=0
Magnet=0
Basket=0
Outer=0
Vcd=0
DVol=0
ParState=CEECEENNEENCECCCEECCNCCENNCCCNNNCCCCNCNNNNNNNNNCC
