[Driver]
Brand=B&C
Model=15PLB76
Manufacturer=
ProvidedBy=Matt
Comment=
DateAdded=20131024
DateModified=20131024
Qts=0.228528834456135
Znom=8
Fs=42
Pe=400
SPL=99.2542002576641
Re=5
Le=0.0012
fLe=0
KLe=0
BL=22.1
Xmax=0.005
Cms=0.000163177024779584
Qms=5.9
Qes=0.23773727908249
Rms=3.93604286361623
Mms=0.088
Sd=0.0855
Vas=0.169213842643502
Dia=0
Vd=0.0004275
no=0.0512829476879064
Dd=0.329942390539404
EBP=176.665603989801
numVC=1
Hc=0
Hg=0
SPLmax=122.274800170944
SPLmaxLF=93.1832029612899
USPL=101.30022892479
alfaVC=0
Rt=0
Ct=0
gamma=251.136363636364
Rme=97.682
Mpow=9.88342046054907
Mcost=0
Gloss=0.0281638714729629
VCCon=1
c=343.68275625794
roo=1.20096171470853
Thick=0
Depth=0
MagDepth=0
Magnet=0
Basket=0
Outer=0
Vcd=0
DVol=0
ParState=CEECEENNEENCECCCEECCNCCENNCCCNNNCCCCNCNNNNNNNNNCC
