[Driver]
Brand=B&C
Model=21SW150
Manufacturer=
ProvidedBy=Matt
Comment=
DateAdded=20090402
DateModified=20090402
Qts=0.270178266195573
Znom=4
Fs=29
Pe=1500
SPL=95.3172452343862
Re=3.3
Le=0
fLe=0
KLe=0
BL=32.6
Xmax=0.015
Cms=6.09701577324672E-5
Qms=8.1
Qes=0.279501121556288
Rms=11.1127052729203
Mms=0.494
Sd=0.168
Vas=0.244107166770327
Dia=0
Vd=0.00252
no=0.0207146441774762
Dd=0.462497830822489
EBP=103.756292062534
numVC=1
Hc=0
Hg=0
SPLmax=124.078157824943
SPLmaxLF=108.592491395637
USPL=99.1678345460931
alfaVC=0
Rt=0
Ct=0
gamma=65.9919028340081
Rme=322.048484848485
Mpow=17.9457093715597
Mcost=0
Gloss=0.0196912680453058
VCCon=1
c=343.68275625794
roo=1.20096171470853
Thick=0
Depth=0
MagDepth=0
Magnet=0
Basket=0
Outer=0
Vcd=0
DVol=0
ParState=CEECENNNEEECECCCEECCNCCENNCCCNNNCCCCNCNNNNNNNNNCC
