[Driver]
Brand=B&C
Model=10PLB76
Manufacturer=
ProvidedBy=Matt
Comment=
DateAdded=20121102
DateModified=20121102
Qts=0.189573386966346
Znom=8
Fs=52.4130731148395
Pe=400
SPL=95.5239605170032
Re=4.8
Le=0.00032
fLe=0
KLe=0
BL=18.4
Xmax=0.006
Cms=0.000214433462940279
Qms=3.4
Qes=0.200767559385673
Rms=4.16494270254983
Mms=0.043
Sd=0.032
Vas=0.0311485018986428
Dia=0
Vd=0.000192
no=0.0217244607923744
Dd=0.201850601761613
EBP=261.063457040659
numVC=1
Hc=0
Hg=0
SPLmax=118.544560430283
SPLmaxLF=86.230505154077
USPL=97.7472768537332
alfaVC=0
Rt=0
Ct=0
gamma=427.906976744186
Rme=70.5333333333333
Mpow=8.39841254841255
Mcost=0
Gloss=0.0150705964219603
VCCon=1
c=343.68275625794
roo=1.20096171470853
Thick=0
Depth=0
MagDepth=0
Magnet=0
Basket=0
Outer=0
Vcd=0
DVol=0
ParState=CCECEENNEENCECCCEECENCCENNCCCNNNCCCCNCNNNNNNNNNCC
