[Driver]
Brand=B&C
Model=15PS76
Manufacturer=
ProvidedBy=Matt
Comment=
DateAdded=20121103
DateModified=20121103
Qts=0.26375105803848
Znom=8
Fs=39.1828453954278
Pe=550
SPL=97.4674030023843
Re=5.2
Le=0.0013
fLe=0
KLe=0
BL=22.1
Xmax=0.0075
Cms=0.000155647610172494
Qms=5.2
Qes=0.277843665894026
Rms=5.01855121521085
Mms=0.106
Sd=0.0855
Vas=0.161405873474785
Dia=0
Vd=0.00064125
no=0.0339854679751167
Dd=0.329942390539404
EBP=141.024792734965
numVC=1
Hc=0
Hg=0
SPLmax=121.871029897327
SPLmaxLF=96.7050281424035
USPL=99.3430982765221
alfaVC=0
Rt=0
Ct=0
gamma=208.490566037736
Rme=93.925
Mpow=9.69149111334267
Mcost=0
Gloss=0.0215728604596797
VCCon=1
c=343.68275625794
roo=1.20096171470853
Thick=0
Depth=0
MagDepth=0
Magnet=0
Basket=0
Outer=0
Vcd=0
DVol=0
ParState=CCECEENNEENCECCCEECENCCENNCCCNNNCCCCNCNNNNNNNNNCC
