[Driver]
Brand=B&C 
Model=8PS21 8" woofer
Manufacturer=
ProvidedBy=Matt
Comment=
DateAdded=20111113
DateModified=20111113
Qts=0.331578947368421
Znom=8
Fs=73.2389529428096
Pe=200
SPL=93.9037561759758
Re=5.4
Le=0.0005
fLe=0
KLe=0
BL=12.6
Xmax=0.005
Cms=0.000205318542971064
Qms=4.2
Qes=0.36
Rms=2.52
Mms=0.023
Sd=0.022
Vas=0.0140967235659695
Dia=0
Vd=0.00011
no=0.0149598959129927
Dd=0.16736567743768
EBP=203.441535952249
numVC=1
Hc=0
Hg=0
SPLmax=113.914056132616
SPLmaxLF=81.3923342831705
USPL=95.6155472882319
alfaVC=0
Rt=0
Ct=0
gamma=547.826086956522
Rme=29.4
Mpow=5.42217668469038
Mcost=0
Gloss=0.00926204061136507
VCCon=1
c=343.68275625794
roo=1.20096171470853
Thick=0
Depth=0
MagDepth=0
Magnet=0
Basket=0
Outer=0
Vcd=0
DVol=0
ParState=CCECEENNEENCEECCEECCNCCENNCCCNNNCCCCNCNNNNNNNNNCC
