[Driver]
Brand=B&C
Model=18TBW100-4
Manufacturer=
ProvidedBy=Matt
Comment=
DateAdded=20160816
DateModified=20160816
Qts=0.322256664244565
Znom=4
Fs=32.7604160682735
Pe=1500
SPL=94.8001150685894
Re=3.2
Le=0.00164
fLe=0
KLe=0
BL=22.8
Xmax=0.012
Cms=8.8E-5
Qms=6.23
Qes=0.339835179719586
Rms=8.8613523186913
Mms=0.2682
Sd=0.121
Vas=0.18276711684
Dia=0
Vd=0.001452
no=0.0183892688029189
Dd=0.39250730555361
EBP=96.4008967385473
numVC=1
Hc=0
Hg=0
SPLmax=123.561027659146
SPLmaxLF=103.803812907288
USPL=98.7843439958762
alfaVC=0
Rt=0
Ct=0
gamma=85.0111856823266
Rme=162.45
Mpow=12.7455874717488
Mcost=0
Gloss=0.01928771922
VCCon=1
c=343.68275625794
roo=1.20096171470853
Thick=0
Depth=0
MagDepth=0
Magnet=0
Basket=0
Outer=0
Vcd=0
DVol=0
ParState=CCECEENNEENEECCCEECCNCCENNCCCNNNCCCCNCNNNNNNNNNCC
