[Driver]
Brand=B&C
Model=6NDL44 6in woofer
Manufacturer=
ProvidedBy=Matt
Comment=
DateAdded=20120130
DateModified=20120130
Qts=0.344702038738281
Znom=8
Fs=68
Pe=200
SPL=90.2934736380366
Re=5
Le=0.00057
fLe=0
KLe=0
BL=10.3
Xmax=0.006
Cms=0.000307753099492929
Qms=9
Qes=0.358429988491383
Rms=0.845018610645575
Mms=0.0178
Sd=0.0132258064516129
Vas=0.00763644818688089
Dia=0
Vd=7.93548387096774E-5
no=0.00651478845436216
Dd=0.129767560604363
EBP=189.716268681114
numVC=1
Hc=0
Hg=0
SPLmax=110.303773594676
SPLmaxLF=78.5559488453881
USPL=92.3395023051622
alfaVC=0
Rt=0
Ct=0
gamma=578.651685393259
Rme=21.218
Mpow=4.60630003364957
Mcost=0
Gloss=0.0089534799016556
VCCon=1
c=343.68275625794
roo=1.20096171470853
Thick=0
Depth=0
MagDepth=0
Magnet=0
Basket=0
Outer=0
Vcd=0
DVol=0
ParState=CEECEENNEENCECCCEECCNCCENNCCCNNNCCCCNCNNNNNNNNNCC
