[Driver]
Brand=B&C
Model=10HPL64
Manufacturer=
ProvidedBy=Matt
Comment=
DateAdded=20121028
DateModified=20121028
Qts=0.31
Znom=8
Fs=63.8226529975393
Pe=200
SPL=96.6593131670649
Re=5.4
Le=0.0005
fLe=0
KLe=0
BL=15
Xmax=0.004
Cms=0.000214433462940279
Qms=-2.80029917209938
Qes=0.279102650683235
Rms=0
Mms=0.029
Sd=0.032
Vas=0.0311485018986428
Dia=0
Vd=0.000128
no=0.0282152739258418
Dd=0.201850601761613
EBP=228.670895246976
numVC=1
Hc=0
Hg=0
SPLmax=116.669613123705
SPLmaxLF=82.7086799729634
USPL=98.371104279321
alfaVC=0
Rt=0
Ct=0
gamma=517.241379310345
Rme=41.6666666666667
Mpow=6.45497224367903
Mcost=0
Gloss=0.0152458359152389
VCCon=1
c=343.68275625794
roo=1.20096171470853
Thick=0
Depth=0
MagDepth=0
Magnet=0
Basket=0
Outer=0
Vcd=0
DVol=0
ParState=CCECEENNEENCCCECEECENCCENNCCCNNNCCCCNCNNNNNNNNNCC
