[Driver]
Brand=B&C
Model=15PS100
Manufacturer=
ProvidedBy=Matt
Comment=
DateAdded=20121103
DateModified=20121103
Qts=0.309977638678493
Znom=8
Fs=34.742766307798
Pe=700
SPL=94.8192398918453
Re=5.3
Le=0.0021
fLe=0
KLe=0
BL=22.5
Xmax=0.008
Cms=0.000144724970862144
Qms=4.8
Qes=0.331377562498118
Rms=6.59433533862706
Mms=0.145
Sd=0.0855
Vas=0.150079145511642
Dia=0
Vd=0.000684
no=0.0184704273329089
Dd=0.329942390539404
EBP=104.843448198142
numVC=1
Hc=0
Hg=0
SPLmax=120.270220291988
SPLmaxLF=97.2656026144084
USPL=96.6122099063232
alfaVC=0
Rt=0
Ct=0
gamma=155.172413793103
Rme=95.5188679245283
Mpow=9.77337546216906
Mcost=0
Gloss=0.0257242168310325
VCCon=1
c=343.68275625794
roo=1.20096171470853
Thick=0
Depth=0
MagDepth=0
Magnet=0
Basket=0
Outer=0
Vcd=0
DVol=0
ParState=CCECEENNEENCECCCEECENCCENNCCCNNNCCCCNCNNNNNNNNNCC
