[Driver]
Brand=B&C
Model=18RBX100-4
Manufacturer=
ProvidedBy=Matt
Comment=
DateAdded=20170601
DateModified=20170601
Qts=0.38163058828639
Znom=6
Fs=42
Pe=1000
SPL=96.332495028036
Re=3.5
Le=0.0012
fLe=0
KLe=0
BL=22
Xmax=0.01
Cms=6.83789437171592E-5
Qms=8
Qes=0.40074779015007
Rms=6.92721180116549
Mms=0.21
Sd=0.1225
Vas=0.145559050259095
Dia=0
Vd=0.001225
no=0.0261699237366838
Dd=0.394932708483429
EBP=104.804071369357
numVC=1
Hc=0
Hg=0
SPLmax=123.332495028036
SPLmaxLF=102.327202354017
USPL=99.927543295019
alfaVC=0
Rt=0
Ct=0
gamma=104.761904761905
Rme=138.285714285714
Mpow=11.7594946441467
Mcost=0
Gloss=0.0140819357364815
VCCon=1
c=343.68275625794
roo=1.20096171470853
Thick=0
Depth=0
MagDepth=0
Magnet=0
Basket=0
Outer=0
Vcd=0
DVol=0
ParState=CEECEENNEENCECCCEECCNCCENNCCCNNNCCCCNCNNNNNNNNNCC
