[Driver]
Brand=B&C
Model=12HPL64
Manufacturer=
ProvidedBy=Matt
Comment=
DateAdded=20150218
DateModified=20150218
Qts=0.333393563259029
Znom=8
Fs=52
Pe=200
SPL=97.1770230922583
Re=6
Le=0.0011
fLe=0
KLe=0
BL=14.9
Xmax=0.0045
Cms=0.000223040785349609
Qms=3.3
Qes=0.370861043490299
Rms=4.15832627602431
Mms=0.042
Sd=0.0522
Vas=0.0862124405886232
Dia=0
Vd=0.0002349
no=0.0317874187756822
Dd=0.257804391419494
EBP=140.214241729491
numVC=1
Hc=0
Hg=0
SPLmax=117.187323048898
SPLmaxLF=87.9821409155581
USPL=98.4312392989076
alfaVC=0
Rt=0
Ct=0
gamma=354.761904761905
Rme=37.0016666666667
Mpow=6.08289952791156
Mcost=0
Gloss=0.0204146405647216
VCCon=1
c=343.68275625794
roo=1.20096171470853
Thick=0
Depth=0
MagDepth=0
Magnet=0
Basket=0
Outer=0
Vcd=0
DVol=0
ParState=CEECEENNEENCECCCEECCNCCENNCCCNNNCCCCNCNNNNNNNNNCC
