[Driver]
Brand=B&C
Model=15HPL76W
Manufacturer=
ProvidedBy=Matt
Comment=
DateAdded=20121029
DateModified=20121029
Qts=0.408400475639128
Znom=10
Fs=38
Pe=350
SPL=95.0103474920928
Re=6.1
Le=0.002
fLe=0
KLe=0
BL=19.4
Xmax=0.006
Cms=0.000153875054129516
Qms=5.5
Qes=0.4411585407038
Rms=4.94886522740036
Mms=0.114
Sd=0.0855
Vas=0.159567740810347
Dia=0
Vd=0.000513
no=0.0193013507727515
Dd=0.329942390539404
EBP=86.1368340265541
numVC=1
Hc=0
Hg=0
SPLmax=117.451027935596
SPLmaxLF=94.7668278822424
USPL=96.192777852471
alfaVC=0
Rt=0
Ct=0
gamma=170.175438596491
Rme=61.6983606557377
Mpow=7.85483040273548
Mcost=0
Gloss=0.0286709771920052
VCCon=1
c=343.68275625794
roo=1.20096171470853
Thick=0
Depth=0
MagDepth=0
Magnet=0
Basket=0
Outer=0
Vcd=0
DVol=0
ParState=CEECEENNEENCECCCEECCNCCENNCCCNNNCCCCNCNNNNNNNNNCC
