[Driver]
Brand=B&C
Model=10FW64
Manufacturer=
ProvidedBy=Matt
Comment=
DateAdded=20140225
DateModified=20140225
Qts=0.233047413635543
Znom=8
Fs=63
Pe=250
SPL=96.3869841189088
Re=5
Le=0.0009
fLe=0
KLe=0
BL=16.4
Xmax=0.0055
Cms=0.000187706904321613
Qms=3.4
Qes=0.250196737953203
Rms=3.95840674352314
Mms=0.034
Sd=0.032
Vas=0.0272662148224435
Dia=0
Vd=0.000176
no=0.0265003351272847
Dd=0.201850601761613
EBP=251.80184408233
numVC=1
Hc=0
Hg=0
SPLmax=117.366384205629
SPLmaxLF=85.474733936289
USPL=98.4330127860344
alfaVC=0
Rt=0
Ct=0
gamma=482.35294117647
Rme=53.792
Mpow=7.33430296619931
Mcost=0
Gloss=0.0113793420092779
VCCon=1
c=343.68275625794
roo=1.20096171470853
Thick=0
Depth=0
MagDepth=0
Magnet=0
Basket=0
Outer=0
Vcd=0
DVol=0
ParState=CEECEENNEENCECCCEECCNCCENNCCCNNNCCCCNCNNNNNNNNNCC
