[Driver]
Brand=B&C
Model=6NDL38
Manufacturer=
ProvidedBy=Matt
Comment=
DateAdded=20120726
DateModified=20120726
Qts=0.428129305279925
Znom=8
Fs=72
Pe=150
SPL=89.7726373992253
Re=5.2
Le=0
fLe=0
KLe=0
BL=9.5
Xmax=0.006
Cms=0.000286412505805532
Qms=11.5
Qes=0.44468429468446
Rms=0.671116347747031
Mms=0.0170601676046913
Sd=0.0132
Vas=0.00707920497696427
Dia=0
Vd=7.92E-5
no=0.00577852097673138
Dd=0.129640896288571
EBP=161.912621742331
numVC=1
Hc=0
Hg=0
SPLmax=108.533549989782
SPLmaxLF=78.5389842117959
USPL=91.6483326733631
alfaVC=0
Rt=0
Ct=0
gamma=556.852676956564
Rme=17.3557692307692
Mpow=4.16602559170839
Mcost=0
Gloss=0.00798628299869898
VCCon=1
c=343.68275625794
roo=1.20096171470853
Thick=0
Depth=0
MagDepth=0
Magnet=0
Basket=0
Outer=0
Vcd=0
DVol=0
ParState=CEECENNNEENCECCCCECENCCENNCCCNNNCCCCNCNNNNNNNNNCC
