[Driver]
Brand=B&C
Model=21DS115-4
Manufacturer=
ProvidedBy=Matt
Comment=
DateAdded=20170221
DateModified=20170221
Qts=0.200867870670566
Znom=4
Fs=29.774662468587
Pe=1700
SPL=97.5719278612146
Re=2.2
Le=0.00238
fLe=0
KLe=0
BL=28.8
Xmax=0.017
Cms=6.93E-5
Qms=11.05
Qes=0.204586868742186
Rms=6.98035921059312
Mms=0.4123
Sd=0.168
Vas=0.277457485536
Dia=0
Vd=0.002856
no=0.0348133439085474
Dd=0.462497830822489
EBP=145.535550016693
numVC=1
Hc=0
Hg=0
SPLmax=126.876417074997
SPLmaxLF=109.679644642089
USPL=103.183429763478
alfaVC=0
Rt=0
Ct=0
gamma=69.8520494785351
Rme=377.018181818182
Mpow=19.4169560389414
Mcost=0
Gloss=0.0164823193172647
VCCon=1
c=343.68275625794
roo=1.20096171470853
Thick=0
Depth=0
MagDepth=0
Magnet=0
Basket=0
Outer=0
Vcd=0
DVol=0
ParState=CCECEENNEENEECCCEECCNCCENNCCCNNNCCCCNCNNNNNNNNNCC
