[Driver]
Brand=B&C
Model=10CL51
Manufacturer=
ProvidedBy=Matt
Comment=
DateAdded=20120805
DateModified=20120805
Qts=0.385341835065248
Znom=8
Fs=60
Pe=150
SPL=94.1667659509726
Re=5.2
Le=0.0008
fLe=0
KLe=0
BL=12
Xmax=0.006
Cms=0.00022337121614272
Qms=3.8
Qes=0.428827397215007
Rms=3.12505795541301
Mms=0.0315
Sd=0.032
Vas=0.0324467956387077
Dia=0
Vd=0.000192
no=0.0158938660783308
Dd=0.201850601761613
EBP=139.916433487381
numVC=1
Hc=0
Hg=0
SPLmax=112.927678541529
SPLmaxLF=86.230505154077
USPL=96.0424612251104
alfaVC=0
Rt=0
Ct=0
gamma=380.952380952381
Rme=27.6923076923077
Mpow=5.26234811584218
Mcost=0
Gloss=0.0115002475181265
VCCon=1
c=343.68275625794
roo=1.20096171470853
Thick=0
Depth=0
MagDepth=0
Magnet=0
Basket=0
Outer=0
Vcd=0
DVol=0
ParState=CEECEENNEENCECCCEECCNCCENNCCCNNNCCCCNCNNNNNNNNNCC
