[Driver]
Brand=B&C
Model=10MD26
Manufacturer=
ProvidedBy=Matt
Comment=
DateAdded=20130202
DateModified=20130202
Qts=0.213553221023848
Znom=8
Fs=76
Pe=700
SPL=98.0929931569748
Re=5.8
Le=0.0012
fLe=0
KLe=0
BL=19.6
Xmax=0.0045
Cms=0.000141465775570684
Qms=4.8
Qes=0.223496643548385
Rms=3.08399678827398
Mms=0.031
Sd=0.032
Vas=0.0205492506558253
Dia=0
Vd=0.000144
no=0.0392511395599406
Dd=0.201850601761613
EBP=340.049849489335
numVC=1
Hc=0
Hg=0
SPLmax=123.543973557117
SPLmaxLF=83.731730421911
USPL=99.4944419318312
alfaVC=0
Rt=0
Ct=0
gamma=632.258064516129
Rme=66.2344827586207
Mpow=8.13845702566652
Mcost=0
Gloss=0.00955699239733506
VCCon=1
c=343.68275625794
roo=1.20096171470853
Thick=0
Depth=0
MagDepth=0
Magnet=0
Basket=0
Outer=0
Vcd=0
DVol=0
ParState=CEECEENNEENCECCCEECCNCCENNCCCNNNCCCCNCNNNNNNNNNCC
