[Driver]
Brand=B&C
Model=18SW115
Manufacturer=
ProvidedBy=Matt
Comment=
DateAdded=20160609
DateModified=20160609
Qts=0.301980354405129
Znom=8
Fs=32
Pe=1700
SPL=94.8615333795239
Re=5.3
Le=0.0019
fLe=0
KLe=0
BL=30.3
Xmax=0.014
Cms=8.99513349097459E-5
Qms=5.6
Qes=0.319192848987415
Rms=9.87357691128221
Mms=0.275
Sd=0.121
Vas=0.18681984247004
Dia=0
Vd=0.001694
no=0.0186511790879317
Dd=0.39250730555361
EBP=100.252872523663
numVC=1
Hc=0
Hg=0
SPLmax=124.166022593307
SPLmaxLF=105.1427486999
USPL=96.6545033940019
alfaVC=0
Rt=0
Ct=0
gamma=110.181818181818
Rme=173.224528301887
Mpow=13.161478955721
Mcost=0
Gloss=0.0173273818632487
VCCon=1
c=343.68275625794
roo=1.20096171470853
Thick=0
Depth=0
MagDepth=0
Magnet=0
Basket=0
Outer=0
Vcd=0
DVol=0
ParState=CEECEENNEENCECCCEECCNCCENNCCCNNNCCCCNCNNNNNNNNNCC
