[Driver]
Brand=BLG
Model=RXM8B
Manufacturer=
ProvidedBy=Matt
Comment=
DateAdded=20161228
DateModified=20161228
Qts=0.425592971478774
Znom=8
Fs=84.3993798433207
Pe=0
SPL=95.5913877813794
Re=6
Le=0.001
fLe=0
KLe=0
BL=9.6
Xmax=0
Cms=0.000254
Qms=3.562
Qes=0.483343568172702
Rms=2.08426648150834
Mms=0.014
Sd=0.0225
Vas=0.0182407798125
Dia=0
Vd=0
no=0.0220643801988781
Dd=0.169256875064327
EBP=174.615708992251
numVC=1
Hc=0
Hg=0
SPLmax=0
SPLmaxLF=0
USPL=96.8456039880288
alfaVC=0
Rt=0
Ct=0
gamma=685.714285714286
Rme=15.36
Mpow=3.91918358845308
Mcost=0
Gloss=0
VCCon=1
c=343.68275625794
roo=1.20096171470853
Thick=0
Depth=0
MagDepth=0
Magnet=0
Basket=0
Outer=0
Vcd=0
DVol=0
ParState=CCNCEENNENNEECCCEENCNCCENNNNCNNNCCCCNNNNNNNNNNNCC
