[Driver]
Brand=BLG
Model=RXM8A
Manufacturer=
ProvidedBy=Matt
Comment=
DateAdded=20161228
DateModified=20161228
Qts=0.474165652882199
Znom=8
Fs=82.651410389153
Pe=0
SPL=95.1662947969595
Re=6
Le=0.001
fLe=0
KLe=0
BL=8.2
Xmax=0
Cms=0.000309
Qms=3.219
Qes=0.556076995404303
Rms=1.9359333732518
Mms=0.012
Sd=0.0215
Vas=0.02026189438875
Dia=0
Vd=0
no=0.020007021273791
Dd=0.165452864018143
EBP=148.633032965264
numVC=1
Hc=0
Hg=0
SPLmax=0
SPLmaxLF=0
USPL=96.4205110036089
alfaVC=0
Rt=0
Ct=0
gamma=683.333333333333
Rme=11.2066666666667
Mpow=3.34763598180368
Mcost=0
Gloss=0
VCCon=1
c=343.68275625794
roo=1.20096171470853
Thick=0
Depth=0
MagDepth=0
Magnet=0
Basket=0
Outer=0
Vcd=0
DVol=0
ParState=CCNCEENNENNEECCCEENCNCCENNNNCNNNCCCCNNNNNNNNNNNCC
