[Driver]
Brand=BMS
Model=12S320
Manufacturer=
ProvidedBy=Matt
Comment=
DateAdded=20130207
DateModified=20130207
Qts=0.207275341430568
Znom=8
Fs=47.9000089923372
Pe=500
SPL=97.1196644464417
Re=5.7
Le=0.00075
fLe=0
KLe=0
BL=23.3
Xmax=0.0045
Cms=0.00016
Qms=4.2
Qes=0.218035679505208
Rms=4.94441896602266
Mms=0.069
Sd=0.0531
Vas=0.063996124248
Dia=0
Vd=0.00023895
no=0.0313703525077056
Dd=0.260017345239577
EBP=219.688855975487
numVC=1
Hc=0
Hg=0
SPLmax=121.109364489802
SPLmaxLF=88.1306212771423
USPL=98.5966446002026
alfaVC=0
Rt=0
Ct=0
gamma=337.68115942029
Rme=95.2438596491228
Mpow=9.7592960631965
Mcost=0
Gloss=0.0240589813333333
VCCon=1
c=343.68275625794
roo=1.20096171470853
Thick=0
Depth=0
MagDepth=0
Magnet=0
Basket=0
Outer=0
Vcd=0
DVol=0
ParState=CCECEENNEENEECCCEECCNCCENNCCCNNNCCCCNCNNNNNNNNNCC
