[Driver]
Brand=BMS
Model=15M830v2
Manufacturer=
ProvidedBy=Matt
Comment=
DateAdded=20130207
DateModified=20130207
Qts=0.270494684754336
Znom=8
Fs=37
Pe=1100
SPL=96.409720365556
Re=4.8
Le=0.0007
fLe=0
KLe=0
BL=22.4
Xmax=0.008
Cms=0.000142329021242819
Qms=4.2
Qes=0.289114681066969
Rms=7.19574317322234
Mms=0.13
Sd=0.088
Vas=0.15635200514025
Dia=0
Vd=0.000704
no=0.0266394338477466
Dd=0.33473135487536
EBP=127.976897829791
numVC=1
Hc=0
Hg=0
SPLmax=123.823647217138
SPLmaxLF=97.5159337628483
USPL=98.6330367022859
alfaVC=0
Rt=0
Ct=0
gamma=172.307692307692
Rme=104.533333333333
Mpow=10.2241544067631
Mcost=0
Gloss=0.0226812770627769
VCCon=1
c=343.68275625794
roo=1.20096171470853
Thick=0
Depth=0
MagDepth=0
Magnet=0
Basket=0
Outer=0
Vcd=0
DVol=0
ParState=CEECEENNEENCECCCEECCNCCENNCCCNNNCCCCNCNNNNNNNNNCC
