[Driver]
Brand=BMS
Model=12N620
Manufacturer=
ProvidedBy=Matt
Comment=
DateAdded=20130208
DateModified=20130208
Qts=0.248390634963524
Znom=8
Fs=45.4914125978276
Pe=500
SPL=96.1760845005803
Re=5.7008
Le=0.0006
fLe=0
KLe=0
BL=20.6
Xmax=0.0055
Cms=0.00018
Qms=5.1
Qes=0.261107633158435
Rms=3.81107966983353
Mms=0.068
Sd=0.0531
Vas=0.071995639779
Dia=0
Vd=0.00029205
no=0.0252441879113486
Dd=0.260017345239577
EBP=174.224751867841
numVC=1
Hc=0
Hg=0
SPLmax=120.16578454394
SPLmaxLF=89.8736247915203
USPL=97.6524551609967
alfaVC=0
Rt=0
Ct=0
gamma=302.941176470588
Rme=74.4386752736458
Mpow=8.62778507344995
Mcost=0
Gloss=0.0218242538181818
VCCon=1
c=343.68275625794
roo=1.20096171470853
Thick=0
Depth=0
MagDepth=0
Magnet=0
Basket=0
Outer=0
Vcd=0
DVol=0
ParState=CCECEENNEENEECCCEECCNCCENNCCCNNNCCCCNCNNNNNNNNNCC
