[Driver]
Brand=BMS
Model=15N820
Manufacturer=
ProvidedBy=Matt
Comment=
DateAdded=20130131
DateModified=20130131
Qts=0.258142137317321
Znom=8
Fs=39.2813549709568
Pe=900
SPL=97.4755011549196
Re=5.7
Le=0.00081
fLe=0
KLe=0
BL=24.2
Xmax=0.0045
Cms=0.000144
Qms=4.5
Qes=0.273851613027242
Rms=6.25257148745709
Mms=0.114
Sd=0.088
Vas=0.15818761728
Dia=0
Vd=0.000396
no=0.0340488987280422
Dd=0.33473135487536
EBP=143.440290662262
numVC=1
Hc=0
Hg=0
SPLmax=124.017926249313
SPLmaxLF=92.5183842985163
USPL=98.9524813086805
alfaVC=0
Rt=0
Ct=0
gamma=212.280701754386
Rme=102.743859649123
Mpow=10.136264580659
Mcost=0
Gloss=0.0357746592
VCCon=1
c=343.68275625794
roo=1.20096171470853
Thick=0
Depth=0
MagDepth=0
Magnet=0
Basket=0
Outer=0
Vcd=0
DVol=0
ParState=CCECEENNEENEECCCEECCNCCENNCCCNNNCCCCNCNNNNNNNNNCC
