[Driver]
Brand=BMS
Model=15S320
Manufacturer=
ProvidedBy=Matt
Comment=
DateAdded=20130131
DateModified=20130131
Qts=0.276747317702448
Znom=8
Fs=40.742048819101
Pe=500
SPL=97.5358793237483
Re=5.7
Le=0.0008
fLe=0
KLe=0
BL=23.3
Xmax=0.0045
Cms=0.00014
Qms=5
Qes=0.292962642819935
Rms=5.5805785670356
Mms=0.109
Sd=0.088
Vas=0.1537935168
Dia=0
Vd=0.000396
no=0.0345255723304016
Dd=0.33473135487536
EBP=139.069092314758
numVC=1
Hc=0
Hg=0
SPLmax=121.525579367109
SPLmaxLF=92.5183842985163
USPL=99.0128594775092
alfaVC=0
Rt=0
Ct=0
gamma=213.761467889908
Rme=95.2438596491228
Mpow=9.7592960631965
Mcost=0
Gloss=0.0332554397777778
VCCon=1
c=343.68275625794
roo=1.20096171470853
Thick=0
Depth=0
MagDepth=0
Magnet=0
Basket=0
Outer=0
Vcd=0
DVol=0
ParState=CCECEENNEENEECCCEECCNCCENNCCCNNNCCCCNCNNNNNNNNNCC
