[Driver]
Brand=BMS
Model=18S430V
Manufacturer=
ProvidedBy=Matt
Comment=
DateAdded=20130131
DateModified=20130131
Qts=0.336287045626402
Znom=8
Fs=31.0638641147001
Pe=1200
SPL=95.4481609700939
Re=4.8
Le=0.00082
fLe=0
KLe=0
BL=23.5
Xmax=0.008
Cms=0.000125
Qms=6
Qes=0.356254331745449
Rms=6.83130051063973
Mms=0.21
Sd=0.1213
Vas=0.26090131186875
Dia=0
Vd=0.0009704
no=0.0213485828512929
Dd=0.392993583632577
EBP=87.1957513120032
numVC=1
Hc=0
Hg=0
SPLmax=123.23997343057
SPLmaxLF=100.303496337176
USPL=97.6714773068238
alfaVC=0
Rt=0
Ct=0
gamma=111.904761904762
Rme=115.052083333333
Mpow=10.7262334178095
Mcost=0
Gloss=0.0321780703125
VCCon=1
c=343.68275625794
roo=1.20096171470853
Thick=0
Depth=0
MagDepth=0
Magnet=0
Basket=0
Outer=0
Vcd=0
DVol=0
ParState=CCECEENNEENEECCCEECCNCCENNCCCNNNCCCCNCNNNNNNNNNCC
