[Driver]
Brand=BMS
Model=15S330
Manufacturer=
ProvidedBy=Matt
Comment=
DateAdded=20130207
DateModified=20130207
Qts=0.319993798053708
Znom=8
Fs=39
Pe=600
SPL=96.2933762289518
Re=6
Le=0.00072
fLe=0
KLe=0
BL=23
Xmax=0.008
Cms=0.00013763398324604
Qms=6.6
Qes=0.336298882395998
Rms=4.4924774946334
Mms=0.121
Sd=0.088
Vas=0.151194387961434
Dia=0
Vd=0.000704
no=0.0259352582677559
Dd=0.33473135487536
EBP=115.968271206078
numVC=1
Hc=0
Hg=0
SPLmax=121.074888732788
SPLmaxLF=97.5159337628483
USPL=97.5475924356011
alfaVC=0
Rt=0
Ct=0
gamma=190.082644628099
Rme=88.1666666666667
Mpow=9.38971068066885
Mcost=0
Gloss=0.0204146405647216
VCCon=1
c=343.68275625794
roo=1.20096171470853
Thick=0
Depth=0
MagDepth=0
Magnet=0
Basket=0
Outer=0
Vcd=0
DVol=0
ParState=CEECEENNEENCECCCEECCNCCENNCCCNNNCCCCNCNNNNNNNNNCC
