[Driver]
Brand=BMS
Model=15N630
Manufacturer=
ProvidedBy=Matt
Comment=
DateAdded=20130207
DateModified=20130207
Qts=0.425160707993383
Znom=8
Fs=39
Pe=600
SPL=94.9921233138305
Re=6
Le=0.0007
fLe=0
KLe=0
BL=19.8
Xmax=0.008
Cms=0.00013763398324604
Qms=6.74
Qes=0.453785605518526
Rms=4.39916193836505
Mms=0.121
Sd=0.088
Vas=0.151194387961434
Dia=0
Vd=0.000704
no=0.0192205267510227
Dd=0.33473135487536
EBP=85.9436692696235
numVC=1
Hc=0
Hg=0
SPLmax=119.773635817667
SPLmaxLF=97.5159337628483
USPL=96.2463395204799
alfaVC=0
Rt=0
Ct=0
gamma=163.636363636364
Rme=65.34
Mpow=8.08331615118449
Mcost=0
Gloss=0.0204146405647216
VCCon=1
c=343.68275625794
roo=1.20096171470853
Thick=0
Depth=0
MagDepth=0
Magnet=0
Basket=0
Outer=0
Vcd=0
DVol=0
ParState=CEECEENNEENCECCCEECCNCCENNCCCNNNCCCCNCNNNNNNNNNCC
