[Driver]
Brand=BMS
Model=15N620
Manufacturer=
ProvidedBy=Matt
Comment=
DateAdded=20130131
DateModified=20130131
Qts=0.352405244788061
Znom=8
Fs=40.742048819101
Pe=500
SPL=96.466105310611
Re=5.7
Le=0.00065
fLe=0
KLe=0
BL=20.6
Xmax=0.0055
Cms=0.00014
Qms=5.9
Qes=0.374791425111968
Rms=4.72930387036915
Mms=0.109
Sd=0.088
Vas=0.1537935168
Dia=0
Vd=0.000484
no=0.0269875515742217
Dd=0.33473135487536
EBP=108.705925721031
numVC=1
Hc=0
Hg=0
SPLmax=120.455805353971
SPLmaxLF=94.2613878128943
USPL=97.9430854643719
alfaVC=0
Rt=0
Ct=0
gamma=188.990825688073
Rme=74.4491228070176
Mpow=8.62839051080893
Mcost=0
Gloss=0.0272089961818182
VCCon=1
c=343.68275625794
roo=1.20096171470853
Thick=0
Depth=0
MagDepth=0
Magnet=0
Basket=0
Outer=0
Vcd=0
DVol=0
ParState=CCECEENNEENEECCCEECCNCCENNCCCNNNCCCCNCNNNNNNNNNCC
