[Driver]
Brand=BMS
Model=12S330
Manufacturer=
ProvidedBy=Matt
Comment=
DateAdded=20130208
DateModified=20130208
Qts=0.203258301713453
Znom=8
Fs=35.1343119853435
Pe=600
SPL=94.4376871403233
Re=5.9
Le=0.0007
fLe=0
KLe=0
BL=23
Xmax=0.008
Cms=0.00024
Qms=5.9
Qes=0.210510506465489
Rms=3.19908238782659
Mms=0.0855
Sd=0.0498
Vas=0.084433457808
Dia=0
Vd=0.0003984
no=0.0169169345188311
Dd=0.251808120059324
EBP=166.900515205893
numVC=1
Hc=0
Hg=0
SPLmax=119.21919964416
SPLmaxLF=92.5708671750392
USPL=95.7648957343877
alfaVC=0
Rt=0
Ct=0
gamma=269.005847953216
Rme=89.6610169491525
Mpow=9.46895015031511
Mcost=0
Gloss=0.02515405725
VCCon=1
c=343.68275625794
roo=1.20096171470853
Thick=0
Depth=0
MagDepth=0
Magnet=0
Basket=0
Outer=0
Vcd=0
DVol=0
ParState=CCECEENNEENEECCCEECCNCCENNCCCNNNCCCCNCNNNNNNNNNCC
