[Driver]
Brand=BMS
Model=15S430V2
Manufacturer=
ProvidedBy=Matt
Comment=
DateAdded=20130207
DateModified=20130207
Qts=0.270613130461028
Znom=8
Fs=39.8
Pe=1200
SPL=96.8261172443075
Re=4.8
Le=0.00073
fLe=0
KLe=0
BL=23.5
Xmax=0.008
Cms=0.00012300726628205
Qms=6.4
Qes=0.282560731083506
Rms=5.079562621773
Mms=0.13
Sd=0.088
Vas=0.135126571953361
Dia=0
Vd=0.000704
no=0.0293200481154697
Dd=0.33473135487536
EBP=140.854675196313
numVC=1
Hc=0
Hg=0
SPLmax=124.617929704784
SPLmaxLF=97.5159337628483
USPL=99.0494335810374
alfaVC=0
Rt=0
Ct=0
gamma=180.769230769231
Rme=115.052083333333
Mpow=10.7262334178095
Mcost=0
Gloss=0.0196021996281291
VCCon=1
c=343.68275625794
roo=1.20096171470853
Thick=0
Depth=0
MagDepth=0
Magnet=0
Basket=0
Outer=0
Vcd=0
DVol=0
ParState=CEECEENNEENCECCCEECCNCCENNCCCNNNCCCCNCNNNNNNNNNCC
