[Driver]
Brand=BMS
Model=18N830v2
Manufacturer=
ProvidedBy=Matt
Comment=
DateAdded=20130210
DateModified=20130210
Qts=0.368050445182302
Znom=8
Fs=31.0638641147001
Pe=1100
SPL=95.0246004706163
Re=4.8
Le=0.00077
fLe=0
KLe=0
BL=22.4
Xmax=0.008
Cms=0.000125
Qms=6
Qes=0.392102707881107
Rms=6.83130051063973
Mms=0.21
Sd=0.1212
Vas=0.2604713139
Dia=0
Vd=0.0009696
no=0.0193647993468823
Dd=0.392831557823327
EBP=79.2237938946324
numVC=1
Hc=0
Hg=0
SPLmax=122.438527322199
SPLmaxLF=100.29633271645
USPL=97.2479168073463
alfaVC=0
Rt=0
Ct=0
gamma=106.666666666667
Rme=104.533333333333
Mpow=10.2241544067631
Mcost=0
Gloss=0.0321780703125
VCCon=1
c=343.68275625794
roo=1.20096171470853
Thick=0
Depth=0
MagDepth=0
Magnet=0
Basket=0
Outer=0
Vcd=0
DVol=0
ParState=CCECEENNEENEECCCEECCNCCENNCCCNNNCCCCNCNNNNNNNNNCC
