[Driver]
Brand=00
Model=Celestion TF1020
Manufacturer=
ProvidedBy=Matt
Comment=
DateAdded=20120805
DateModified=20120805
Qts=0.319775734361433
Znom=8
Fs=60.8841506897883
Pe=150
SPL=95.7566505765057
Re=5.79
Le=0.00059
fLe=0
KLe=0
BL=13.79
Xmax=0.002
Cms=0.000221
Qms=2.853
Qes=0.360141888149485
Rms=4.1459287488943
Mms=0.03092
Sd=0.034636
Vas=0.0376090517652377
Dia=0
Vd=6.9272E-5
no=0.0229201793621509
Dd=0.209999821122417
EBP=169.056010125978
numVC=1
Hc=0
Hg=0
SPLmax=114.517563167062
SPLmaxLF=77.3756351127124
USPL=97.1655936497171
alfaVC=0
Rt=0
Ct=0
gamma=445.989650711513
Rme=32.8435405872193
Mpow=5.73092842279672
Mcost=0
Gloss=0.033505988789
VCCon=1
c=343.68275625794
roo=1.20096171470853
Thick=0
Depth=0
MagDepth=0
Magnet=0
Basket=0
Outer=0
Vcd=0
DVol=0
ParState=CCECEENNEENEECCCEECCNCCENNCCCNNNCCCCNCNNNNNNNNNCC
