[Driver]
Brand=Celestion
Model=CF1025C
Manufacturer=
ProvidedBy=Matt
Comment=
DateAdded=20140929
DateModified=20140929
Qts=0.286982394286009
Znom=8
Fs=57.7558890412526
Pe=300
SPL=95.5184846941603
Re=5.54
Le=0.000635
fLe=0
KLe=0
BL=15.32
Xmax=0.0025
Cms=0.00021
Qms=3.906
Qes=0.309739646005397
Rms=3.35948204708748
Mms=0.03616
Sd=0.0347
Vas=0.0358692992595
Dia=0
Vd=8.675E-5
no=0.0216970866626266
Dd=0.210193749198948
EBP=186.465923191009
numVC=1
Hc=0
Hg=0
SPLmax=117.289697241357
SPLmaxLF=79.3298702492642
USPL=97.1191157573619
alfaVC=0
Rt=0
Ct=0
gamma=423.672566371681
Rme=42.3650541516246
Mpow=6.50884430230318
Mcost=0
Gloss=0.029787110976
VCCon=1
c=343.68275625794
roo=1.20096171470853
Thick=0
Depth=0
MagDepth=0
Magnet=0
Basket=0
Outer=0
Vcd=0
DVol=0
ParState=CCECEENNEENEECCCEECCNCCENNCCCNNNCCCCNCNNNNNNNNNCC
