[Driver]
Brand=Celestion
Model=NTR21-5010JD
Manufacturer=
ProvidedBy=Matt
Comment=
DateAdded=20130826
DateModified=20130826
Qts=0.292030430292346
Znom=8
Fs=30.2181097833501
Pe=1600
SPL=96.8638490015342
Re=5.36
Le=0.002063
fLe=0
KLe=0
BL=32.39
Xmax=0.009
Cms=8.7E-5
Qms=5.231
Qes=0.309297548668575
Rms=11.5730775774352
Mms=0.31885
Sd=0.1662
Vas=0.3408991666794
Dia=0
Vd=0.0014958
no=0.029575892183878
Dd=0.460013491470613
EBP=97.6991570525833
numVC=1
Hc=0
Hg=0
SPLmax=125.905048828093
SPLmaxLF=104.061951157754
USPL=98.6079298150923
alfaVC=0
Rt=0
Ct=0
gamma=101.583816841775
Rme=195.729869402985
Mpow=13.9903491522901
Mcost=0
Gloss=0.0302262200741667
VCCon=1
c=343.68275625794
roo=1.20096171470853
Thick=0
Depth=0
MagDepth=0
Magnet=0
Basket=0
Outer=0
Vcd=0
DVol=0
ParState=CCECEENNEENEECCCEECCNCCENNCCCNNNCCCCNCNNNNNNNNNCC
