[Driver]
Brand=Celestion
Model=NTR06-1705B
Manufacturer=
ProvidedBy=Matt
Comment=
DateAdded=20140929
DateModified=20140929
Qts=0.439022162205338
Znom=8
Fs=109.599744158682
Pe=150
SPL=92.0620420400249
Re=5.95
Le=0.00024
fLe=0
KLe=0
BL=10.03
Xmax=0.0025
Cms=0.000163
Qms=2.632
Qes=0.526911996560106
Rms=3.38483187369055
Mms=0.012937
Sd=0.0132
Vas=0.0040288408776
Dia=0
Vd=3.3E-5
no=0.00978942443141714
Dd=0.129640896288571
EBP=208.003888456125
numVC=1
Hc=0
Hg=0
SPLmax=110.822954630582
SPLmaxLF=70.9347593775638
USPL=93.3526010932252
alfaVC=0
Rt=0
Ct=0
gamma=775.295663600526
Rme=16.9077142857143
Mpow=4.1118991093793
Mcost=0
Gloss=0.00827183474446
VCCon=1
c=343.68275625794
roo=1.20096171470853
Thick=0
Depth=0
MagDepth=0
Magnet=0
Basket=0
Outer=0
Vcd=0
DVol=0
ParState=CCECEENNEENEECCCEECCNCCENNCCCNNNCCCCNCNNNNNNNNNCC
