[Driver]
Brand=Celestion
Model=TF1225CX
Manufacturer=
ProvidedBy=Matt
Comment=
DateAdded=20140929
DateModified=20140929
Qts=0.426584158701959
Znom=8
Fs=71.4051174864781
Pe=250
SPL=96.8518135905322
Re=5.57
Le=0.00023
fLe=0
KLe=0
BL=16.08
Xmax=0.0025
Cms=0.0001
Qms=3.824
Qes=0.480146646473822
Rms=5.82871619906068
Mms=0.04968
Sd=0.0531
Vas=0.039997577655
Dia=0
Vd=0.00013275
no=0.0294940432857373
Dd=0.260017345239577
EBP=148.715226922596
numVC=1
Hc=0
Hg=0
SPLmax=117.831213677253
SPLmaxLF=83.0251711750762
USPL=98.4289903492808
alfaVC=0
Rt=0
Ct=0
gamma=323.671497584541
Rme=46.4212567324955
Mpow=6.81331466560113
Mcost=0
Gloss=0.01948777488
VCCon=1
c=343.68275625794
roo=1.20096171470853
Thick=0
Depth=0
MagDepth=0
Magnet=0
Basket=0
Outer=0
Vcd=0
DVol=0
ParState=CCECEENNEENEECCCEECCNCCENNCCCNNNCCCCNCNNNNNNNNNCC
