[Driver]
Brand=Celestion
Model=TF1225e
Manufacturer=
ProvidedBy=Matt
Comment=
DateAdded=20120805
DateModified=20120805
Qts=0.396385772531462
Znom=8
Fs=60.4963861426049
Pe=300
SPL=96.2883435343617
Re=5.07
Le=0.0011
fLe=0
KLe=0
BL=15.41
Xmax=0.0035
Cms=0.00013
Qms=4.8
Qes=0.432065937175604
Rms=4.21605346711908
Mms=0.05324
Sd=0.053093
Vas=0.0519831427042063
Dia=0
Vd=0.0001858255
no=0.025905221359271
Dd=0.260000206054964
EBP=140.016559828963
numVC=1
Hc=0
Hg=0
SPLmax=118.059556081558
SPLmaxLF=85.946586780629
USPL=98.2739926515142
alfaVC=0
Rt=0
Ct=0
gamma=289.444027047333
Rme=46.8378895463511
Mpow=6.84382126785549
Mcost=0
Gloss=0.01939251028
VCCon=1
c=343.68275625794
roo=1.20096171470853
Thick=0
Depth=0
MagDepth=0
Magnet=0
Basket=0
Outer=0
Vcd=0
DVol=0
ParState=CCECEENNEENEECCCEECCNCCENNCCCNNNCCCCNCNNNNNNNNNCC
