[Driver]
Brand=Celestion
Model=FTR08-2011D
Manufacturer=
ProvidedBy=Matt
Comment=
DateAdded=20140929
DateModified=20140929
Qts=0.468783513110615
Znom=8
Fs=88.5178206643285
Pe=200
SPL=92.2996417715533
Re=5.74
Le=0.00039
fLe=0
KLe=0
BL=12.26
Xmax=0.0035
Cms=0.00012
Qms=2.594
Qes=0.572188499623769
Rms=5.7761465164887
Mms=0.02694
Sd=0.0227
Vas=0.008771575554
Dia=0
Vd=7.945E-5
no=0.0103399188752235
Dd=0.170007463558187
EBP=154.70045399817
numVC=1
Hc=0
Hg=0
SPLmax=112.309941728193
SPLmaxLF=78.566358610874
USPL=93.7462515580594
alfaVC=0
Rt=0
Ct=0
gamma=455.085374907201
Rme=26.1859930313589
Mpow=5.11722513002495
Mcost=0
Gloss=0.00905798232
VCCon=1
c=343.68275625794
roo=1.20096171470853
Thick=0
Depth=0
MagDepth=0
Magnet=0
Basket=0
Outer=0
Vcd=0
DVol=0
ParState=CCECEENNEENEECCCEECCNCCENNCCCNNNCCCCNCNNNNNNNNNCC
