[Driver]
Brand=Celestion
Model=FTR12-4080
Manufacturer=
ProvidedBy=Matt
Comment=
DateAdded=20120807
DateModified=20120807
Qts=0.372167998451746
Znom=10
Fs=61.3125631480239
Pe=1000
SPL=93.101609256852
Re=6.05
Le=0.00192
fLe=0
KLe=0
BL=23.81
Xmax=0.008
Cms=6.2E-5
Qms=2.228
Qes=0.44680245833606
Rms=18.7916010468041
Mms=0.10868
Sd=0.053092
Vas=0.0247910264684846
Dia=0
Vd=0.000424736
no=0.0124369497586799
Dd=0.259997757507789
EBP=137.225214418825
numVC=1
Hc=0
Hg=0
SPLmax=120.101609256852
SPLmaxLF=93.1268620342791
USPL=94.3197842208131
alfaVC=0
Rt=0
Ct=0
gamma=219.083548030916
Rme=93.7051404958678
Mpow=9.68014155350363
Mcost=0
Gloss=0.0082598470955
VCCon=1
c=343.68275625794
roo=1.20096171470853
Thick=0
Depth=0
MagDepth=0
Magnet=0
Basket=0
Outer=0
Vcd=0
DVol=0
ParState=CCECEENNEENEECCCEECCNCCENNCCCNNNCCCCNCNNNNNNNNNCC
