[Driver]
Brand=Celestion
Model=FTR15-3070C
Manufacturer=
ProvidedBy=Matt
Comment=
DateAdded=20140301
DateModified=20140301
Qts=0.36184680146436
Znom=10
Fs=38.7952070155419
Pe=400
SPL=97.05232442839
Re=6.5
Le=0.00059
fLe=0
KLe=0
BL=18.7
Xmax=0.005
Cms=0.0002
Qms=7.1
Qes=0.381278402953985
Rms=2.88904105588254
Mms=0.08415
Sd=0.0855
Vas=0.207399102749999
Dia=0
Vd=0.0004275
no=0.0308876876652386
Dd=0.329942390539404
EBP=101.750339686101
numVC=1
Hc=0
Hg=0
SPLmax=120.07292434167
SPLmaxLF=93.1832029612898
USPL=97.9589195724472
alfaVC=0
Rt=0
Ct=0
gamma=222.222222222222
Rme=53.7984615384615
Mpow=7.33474345416808
Mcost=0
Gloss=0.0330091839
VCCon=1
c=343.68275625794
roo=1.20096171470853
Thick=0
Depth=0
MagDepth=0
Magnet=0
Basket=0
Outer=0
Vcd=0
DVol=0
ParState=CCECEENNEENEECCCEECCNCCENNCCCNNNCCCCNCNNNNNNNNNCC
