[Driver]
Brand=Celestion
Model=TF0615
Manufacturer=
ProvidedBy=Matt
Comment=
DateAdded=20140929
DateModified=20140929
Qts=0.502107356382731
Znom=8
Fs=107.311484562089
Pe=100
SPL=93.6780588856836
Re=5.83
Le=0
fLe=0
KLe=0
BL=9.03
Xmax=0.0025
Cms=0.000193
Qms=5.83
Qes=0.54942659012061
Rms=1.31809910418889
Mms=0.011397
Sd=0.0154
Vas=0.0064929700374
Dia=0
Vd=3.85E-5
no=0.0142023052533847
Dd=0.140028172125903
EBP=195.315418823345
numVC=1
Hc=0
Hg=0
SPLmax=110.678058885684
SPLmaxLF=72.273695170176
USPL=95.0571020485792
alfaVC=0
Rt=0
Ct=0
gamma=792.313766780732
Rme=13.9864322469983
Mpow=3.73984388003006
Mcost=0
Gloss=0.00862836531186
VCCon=1
c=343.68275625794
roo=1.20096171470853
Thick=0
Depth=0
MagDepth=0
Magnet=0
Basket=0
Outer=0
Vcd=0
DVol=0
ParState=CCECENNNEENEECCCEECCNCCENNCCCNNNCCCCNCNNNNNNNNNCC
