[Driver]
Brand=Celestion
Model=TF1218
Manufacturer=
ProvidedBy=Matt
Comment=
DateAdded=20121126
DateModified=20121126
Qts=0.621091597275308
Znom=8
Fs=61.4882953959965
Pe=100
SPL=95.4961844597734
Re=5.55
Le=0.00057
fLe=0
KLe=0
BL=10.9
Xmax=0.002
Cms=0.00017
Qms=4.9
Qes=0.711244210021203
Rms=3.10729636303067
Mms=0.03941
Sd=0.053066
Vas=0.0679088341850646
Dia=0
Vd=0.000106132
no=0.0215859616033919
Dd=0.259934087185417
EBP=86.451734199936
numVC=1
Hc=0
Hg=0
SPLmax=112.496184459773
SPLmaxLF=81.0814075470234
USPL=97.0889833390324
alfaVC=0
Rt=0
Ct=0
gamma=276.579548337985
Rme=21.4072072072072
Mpow=4.6267923237603
Mcost=0
Gloss=0.0328508065025
VCCon=1
c=343.68275625794
roo=1.20096171470853
Thick=0
Depth=0
MagDepth=0
Magnet=0
Basket=0
Outer=0
Vcd=0
DVol=0
ParState=CCECEENNEENEECCCEECCNCCENNCCCNNNCCCCNCNNNNNNNNNCC
