[Driver]
Brand=Celestion
Model=TF1220
Manufacturer=
ProvidedBy=Matt
Comment=
DateAdded=20121123
DateModified=20121123
Qts=0.421693549517641
Znom=8
Fs=55.677518240733
Pe=150
SPL=96.9480285531514
Re=5.54
Le=0.000735
fLe=0
KLe=0
BL=12.7
Xmax=0.002
Cms=0.00021
Qms=4.3
Qes=0.467544864253915
Rms=3.16557430759441
Mms=0.03891
Sd=0.0531
Vas=0.0839949130755
Dia=0
Vd=0.0001062
no=0.0301547553655791
Dd=0.260017345239577
EBP=119.084867565769
numVC=1
Hc=0
Hg=0
SPLmax=115.708941143708
SPLmaxLF=81.086970914915
USPL=98.5486596163529
alfaVC=0
Rt=0
Ct=0
gamma=326.394243125161
Rme=29.1137184115523
Mpow=5.39571296600851
Mcost=0
Gloss=0.0400655589075
VCCon=1
c=343.68275625794
roo=1.20096171470853
Thick=0
Depth=0
MagDepth=0
Magnet=0
Basket=0
Outer=0
Vcd=0
DVol=0
ParState=CCECEENNEENEECCCEECCNCCENNCCCNNNCCCCNCNNNNNNNNNCC
