[Driver]
Brand=Celestion
Model=TF0820
Manufacturer=
ProvidedBy=Matt
Comment=
DateAdded=20170713
DateModified=20170713
Qts=0.230115775262738
Znom=8
Fs=42.8219750047102
Pe=150
SPL=93.1084817558489
Re=5.7
Le=0.00064
fLe=0
KLe=0
BL=11.09
Xmax=0.002
Cms=0.00062
Qms=1.34
Qes=0.277826400249147
Rms=4.47359794402751
Mms=0.02228
Sd=0.0227
Vas=0.045319807029
Dia=0
Vd=4.54E-5
no=0.0124566462071419
Dd=0.170007463558187
EBP=154.132130590572
numVC=1
Hc=0
Hg=0
SPLmax=111.869394346406
SPLmaxLF=73.7055976371481
USPL=94.5854619096098
alfaVC=0
Rt=0
Ct=0
gamma=497.755834829443
Rme=21.5768596491228
Mpow=4.6450898429549
Mcost=0
Gloss=0.06773257022
VCCon=1
c=343.68275625794
roo=1.20096171470853
Thick=0
Depth=0
MagDepth=0
Magnet=0
Basket=0
Outer=0
Vcd=0
DVol=0
ParState=CCECEENNEENEECCCEECCNCCENNCCCNNNCCCCNCNNNNNNNNNCC
