[Driver]
Brand=Celestion
Model=TF0510
Manufacturer=
ProvidedBy=Matt
Comment=
DateAdded=20120807
DateModified=20120807
Qts=0.463541519307766
Znom=10
Fs=105.402935956031
Pe=30
SPL=90.566864204615
Re=6.43
Le=0.00038
fLe=0
KLe=0
BL=6.5
Xmax=0.0011
Cms=0.0004
Qms=2.4
Qes=0.574502194305218
Rms=1.57288217401474
Mms=0.0057
Sd=0.007854
Vas=0.003500148200472
Dia=0
Vd=8.6394E-6
no=0.00693808114224549
Dd=0.100000116921681
EBP=183.46829133264
numVC=1
Hc=0
Hg=0
SPLmax=102.338076751812
SPLmaxLF=59.2941522218585
USPL=91.5204831858586
alfaVC=0
Rt=0
Ct=0
gamma=1140.35087719298
Rme=6.57076205287714
Mpow=2.56334977185657
Mcost=0
Gloss=0.0203265109090909
VCCon=1
c=343.68275625794
roo=1.20096171470853
Thick=0
Depth=0
MagDepth=0
Magnet=0
Basket=0
Outer=0
Vcd=0
DVol=0
ParState=CCECEENNEENEECCCEECCNCCENNCCCNNNCCCCNCNNNNNNNNNCC
