[Driver]
Brand=Celestion
Model=TF1525e
Manufacturer=
ProvidedBy=Matt
Comment=
DateAdded=20130605
DateModified=20130605
Qts=0.504219641001787
Znom=10
Fs=50.6103745689924
Pe=300
SPL=96.7649165870095
Re=6.48
Le=0.00132
fLe=0
KLe=0
BL=17.69
Xmax=0.0035
Cms=0.00012
Qms=7.12
Qes=0.542648584010178
Rms=3.6806060902749
Mms=0.08241
Sd=0.0855
Vas=0.12443946165
Dia=0
Vd=0.00029925
no=0.0289097684294367
Dd=0.329942390539404
EBP=93.2654687771989
numVC=1
Hc=0
Hg=0
SPLmax=118.536129134206
SPLmaxLF=90.085163761575
USPL=97.6848952387894
alfaVC=0
Rt=0
Ct=0
gamma=214.658415240869
Rme=48.2926080246914
Mpow=6.94928831066113
Mcost=0
Gloss=0.02770854948
VCCon=1
c=343.68275625794
roo=1.20096171470853
Thick=0
Depth=0
MagDepth=0
Magnet=0
Basket=0
Outer=0
Vcd=0
DVol=0
ParState=CCECEENNEENEECCCEECCNCCENNCCCNNNCCCCNCNNNNNNNNNCC
