[Driver]
Brand=Celestion
Model=TF0818 8in woofer
Manufacturer=
ProvidedBy=Matt
Comment=
DateAdded=20111231
DateModified=20111231
Qts=0.44508123558507
Znom=10
Fs=92.1944362214649
Pe=100
SPL=94.8834435739819
Re=6.4
Le=0.00075
fLe=0
KLe=0
BL=11.36
Xmax=0.0035
Cms=0.00017
Qms=3.83
Qes=0.503604739414023
Rms=2.65135403800114
Mms=0.01753
Sd=0.0226645161290323
Vas=0.0123875800143247
Dia=0
Vd=7.93258064516129E-5
no=0.0187455122045796
Dd=0.169874536637401
EBP=183.069040074443
numVC=1
Hc=0
Hg=0
SPLmax=111.883443573982
SPLmaxLF=78.5527704994462
USPL=95.8573725446288
alfaVC=0
Rt=0
Ct=0
gamma=648.031945236737
Rme=20.164
Mpow=4.4904342774391
Mcost=0
Gloss=0.00834994219
VCCon=1
c=343.68275625794
roo=1.20096171470853
Thick=0
Depth=0
MagDepth=0
Magnet=0
Basket=0
Outer=0
Vcd=0
DVol=0
ParState=CCECEENNEENEECCCEECCNCCENNCCCNNNCCCCNCNNNNNNNNNCC
