[Driver]
Brand=Ciare
Model=6.38NdW
Manufacturer=
ProvidedBy=Matt
Comment=
DateAdded=20120726
DateModified=20120726
Qts=0.297812999219745
Znom=8
Fs=59.4
Pe=100
SPL=90.6462578661977
Re=5.7
Le=8E-5
fLe=0
KLe=0
BL=11
Xmax=0.006
Cms=0.000411407251204159
Qms=10.17
Qes=0.306797085774958
Rms=0.640384470644135
Mms=0.01745
Sd=0.0135
Vas=0.0106361420066659
Dia=0
Vd=8.1E-5
no=0.00706608310401632
Dd=0.131105811671049
EBP=193.613312362332
numVC=1
Hc=0
Hg=0
SPLmax=107.646257866198
SPLmaxLF=78.734180957579
USPL=92.1232380199586
alfaVC=0
Rt=0
Ct=0
gamma=630.372492836676
Rme=21.2280701754386
Mpow=4.60739299120865
Mcost=0
Gloss=0.0117337491257285
VCCon=1
c=343.68275625794
roo=1.20096171470853
Thick=0
Depth=0
MagDepth=0
Magnet=0
Basket=0
Outer=0
Vcd=0
DVol=0
ParState=CEECEENNEENCECCCEECCNCCENNCCCNNNCCCCNCNNNNNNNNNCC
