[Driver]
Brand=Ciare
Model=8.5NdW-8
Manufacturer=
ProvidedBy=Matt
Comment=
DateAdded=20120726
DateModified=20120726
Qts=0.335614011417239
Znom=10
Fs=75.7
Pe=200
SPL=95.3277782528979
Re=6.08
Le=0.00046
fLe=0
KLe=0
BL=12.08
Xmax=0.00625
Cms=0.000242871813855632
Qms=4.83
Qes=0.360675669438091
Rms=1.79225584370882
Mms=0.0182
Sd=0.0227
Vas=0.0177530705430975
Dia=0
Vd=0.000141875
no=0.0207649447318098
Dd=0.170007463558187
EBP=209.88385525959
numVC=1
Hc=0
Hg=0
SPLmax=115.338078209538
SPLmaxLF=83.60259807075
USPL=96.5244711706563
alfaVC=0
Rt=0
Ct=0
gamma=663.736263736264
Rme=24.0010526315789
Mpow=4.89908691814903
Mcost=0
Gloss=0.00693568183918745
VCCon=1
c=343.68275625794
roo=1.20096171470853
Thick=0
Depth=0
MagDepth=0
Magnet=0
Basket=0
Outer=0
Vcd=0
DVol=0
ParState=CEECEENNEENCECCCEECCNCCENNCCCNNNCCCCNCNNNNNNNNNCC
