[Driver]
Brand=Ciare
Model=18.00 SW
Manufacturer=
ProvidedBy=Matt
Comment=
DateAdded=20160206
DateModified=20160206
Qts=0.455764673748031
Znom=10
Fs=36.9528700420438
Pe=800
SPL=91.6618167135693
Re=6.8
Le=0.00172
fLe=0
KLe=0
BL=35.11
Xmax=0.014
Cms=5E-5
Qms=11.16
Qes=0.475170211042902
Rms=7.71858618901721
Mms=0.371
Sd=0.1104
Vas=0.08644757184
Dia=0
Vd=0.0015456
no=0.00892759798694567
Dd=0.374920852632608
EBP=77.7676486935908
numVC=1
Hc=0
Hg=0
SPLmax=117.692716583489
SPLmaxLF=104.346422761434
USPL=92.3724562969928
alfaVC=0
Rt=0
Ct=0
gamma=94.6361185983828
Rme=181.281191176471
Mpow=13.4640703792156
Mcost=0
Gloss=0.01299381125
VCCon=1
c=343.68275625794
roo=1.20096171470853
Thick=0
Depth=0
MagDepth=0
Magnet=0
Basket=0
Outer=0
Vcd=0
DVol=0
ParState=CCECEENNEENEECCCEECCNCCENNCCCNNNCCCCNCNNNNNNNNNCC
