[Driver]
Brand=Dayton Shielded DVC 
Model=8in SD215-88
Manufacturer=Dayton Audio
ProvidedBy=Matt
Comment=
DateAdded=20090123
DateModified=20090123
Qts=0.432022798642551
Znom=4
Fs=33.6118674569072
Pe=80
SPL=87.3325002698069
Re=3
Le=0
fLe=0
KLe=0
BL=6.47
Xmax=0.006
Cms=0.0007
Qms=3.97
Qes=0.484777151744468
Rms=1.70387975411083
Mms=0.03203
Sd=0.02087
Vas=0.04325014683465
Dia=0
Vd=0.00012522
no=0.00329461526043101
Dd=0.163010764364268
EBP=69.3346774614999
numVC=2
Hc=0
Hg=0
SPLmax=103.363400139726
SPLmaxLF=82.5178855888228
USPL=91.5970164330961
alfaVC=0
Rt=0
Ct=0
gamma=201.998126756166
Rme=13.9536333333333
Mpow=3.73545624165688
Mcost=0
Gloss=0.0366458166083333
VCCon=1
c=343.684120962152
roo=1.20095217714682
Thick=0
Depth=0
MagDepth=0
Magnet=0
Basket=0
Outer=0
Vcd=0
DVol=0
ParState=CCECENNNEENEECCCEECCNCCENNCCCNNNCCCCNCNNNNNNNNNCC
