[Driver]
Brand=Dayton
Model=UM18-22 new
Manufacturer=
ProvidedBy=Matt
Comment=
DateAdded=20170611
DateModified=20170611
Qts=0.53982507505542
Znom=6
Fs=19.6652504426146
Pe=1000
SPL=86.0986464645623
Re=4.4
Le=0.00222
fLe=0
KLe=0
BL=23.8
Xmax=0.022
Cms=0.0001
Qms=3.82
Qes=0.628665188258686
Rms=21.1864058327731
Mms=0.655
Sd=0.1219
Vas=0.210790997655
Dia=0
Vd=0.0026818
no=0.00247980539605686
Dd=0.393964339126292
EBP=31.2809597380198
numVC=1
Hc=0
Hg=0
SPLmax=113.098646464562
SPLmaxLF=109.133008308818
USPL=88.6998484101862
alfaVC=0
Rt=0
Ct=0
gamma=36.3358778625954
Rme=128.736363636364
Mpow=11.3462048120225
Mcost=0
Gloss=0.0291970715909091
VCCon=1
c=343.68275625794
roo=1.20096171470853
Thick=0
Depth=0
MagDepth=0
Magnet=0
Basket=0
Outer=0
Vcd=0
DVol=0
ParState=CCECEENNEENEECCCEECCNCCENNCCCNNNCCCCNCNNNNNNNNNCC
