[Driver]
Brand=Dayton
Model=DS270-8
Manufacturer=
ProvidedBy=Matt
Comment=
DateAdded=20120523
DateModified=20120523
Qts=0.4384625919141
Znom=8
Fs=30.5886253988197
Pe=100
SPL=88.5530271915975
Re=5.4
Le=0.00115
fLe=0
KLe=0
BL=10.4
Xmax=0.0055
Cms=0.00048
Qms=2.31
Qes=0.541185328674489
Rms=4.6925288720084
Mms=0.0564
Sd=0.0353
Vas=0.084846766536
Dia=0
Vd=0.00019415
no=0.0043637079152785
Dd=0.212003197921992
EBP=56.521534820132
numVC=1
Hc=0
Hg=0
SPLmax=105.553027191598
SPLmaxLF=86.3272284776474
USPL=90.2648183038536
alfaVC=0
Rt=0
Ct=0
gamma=184.397163120567
Rme=20.0296296296296
Mpow=4.47544742228413
Mcost=0
Gloss=0.0482701143272727
VCCon=1
c=343.68275625794
roo=1.20096171470853
Thick=0
Depth=0
MagDepth=0
Magnet=0
Basket=0
Outer=0
Vcd=0
DVol=0
ParState=CCECEENNEENEECCCEECCNCCENNCCCNNNCCCCNCNNNNNNNNNCC
