[Driver]
Brand=Dayton
Model=RS150-8
Manufacturer=
ProvidedBy=Matt
Comment=
DateAdded=20130324
DateModified=20130324
Qts=0.399886141349643
Znom=10
Fs=47.7703740888973
Pe=40
SPL=87.2942271596387
Re=6.13
Le=0.00059
fLe=0
KLe=0
BL=5.3
Xmax=0.004
Cms=0.00148
Qms=2.15
Qes=0.491256725756548
Rms=1.04703527649011
Mms=0.0075
Sd=0.00849
Vas=0.01513288542654
Dia=0
Vd=3.396E-5
no=0.00326569536765007
Dd=0.103970205995764
EBP=97.2411604448361
numVC=1
Hc=0
Hg=0
SPLmax=100.314827072918
SPLmaxLF=71.1838342114443
USPL=88.4553511249403
alfaVC=0
Rt=0
Ct=0
gamma=706.666666666667
Rme=4.58238172920065
Mpow=2.14064983806335
Mcost=0
Gloss=0.02721345375
VCCon=1
c=343.68275625794
roo=1.20096171470853
Thick=0
Depth=0
MagDepth=0
Magnet=0
Basket=0
Outer=0
Vcd=0
DVol=0
ParState=CCECEENNEENEECCCEECCNCCENNCCCNNNCCCCNCNNNNNNNNNCC
