[Driver]
Brand=Dayton
Model=DS175-8
Manufacturer=
ProvidedBy=Matt
Comment=
DateAdded=20120413
DateModified=20120413
Qts=0.303253424513321
Znom=8
Fs=40.8627265358816
Pe=70
SPL=87.1658496114591
Re=5.6
Le=0.00112
fLe=0
KLe=0
BL=9
Xmax=0.00525
Cms=0.00074
Qms=1.82
Qes=0.363884937361503
Rms=2.89194269292403
Mms=0.0205
Sd=0.01287
Vas=0.01738735261263
Dia=0
Vd=6.75675E-5
no=0.0031705741567451
Dd=0.128010128274061
EBP=112.295735108393
numVC=1
Hc=0
Hg=0
SPLmax=102.616830011602
SPLmaxLF=77.1592375862129
USPL=88.7196980518829
alfaVC=0
Rt=0
Ct=0
gamma=439.024390243902
Rme=14.4642857142857
Mpow=3.80319414627832
Mcost=0
Gloss=0.0283365486666667
VCCon=1
c=343.68275625794
roo=1.20096171470853
Thick=0
Depth=0
MagDepth=0
Magnet=0
Basket=0
Outer=0
Vcd=0
DVol=0
ParState=CCECEENNEENEECCCEECCNCCENNCCCNNNCCCCNCNNNNNNNNNCC
