[Driver]
Brand=Dayton
Model=QT210-4
Manufacturer=Dayton Audio
ProvidedBy=Matt
Comment=
DateAdded=20090208
DateModified=20090208
Qts=0.463939188355015
Znom=6
Fs=42.1842710431687
Pe=150
SPL=87.6214018709562
Re=3.9
Le=0
fLe=0
KLe=0
BL=9.19
Xmax=0.0095
Cms=0.00036
Qms=11.22
Qes=0.483950191849759
Rms=0.934058818910427
Mms=0.03954
Sd=0.02138
Vas=0.02334331607832
Dia=0
Vd=0.00020311
no=0.00352123383143961
Dd=0.164990489018118
EBP=87.1665550579317
numVC=1
Hc=0
Hg=0
SPLmax=106.382314461513
SPLmaxLF=86.719037723073
USPL=90.746484511177
alfaVC=0
Rt=0
Ct=0
gamma=232.422862923622
Rme=21.6554102564103
Mpow=4.65353739174945
Mcost=0
Gloss=0.0146938714484211
VCCon=1
c=343.684120962152
roo=1.20095217714682
Thick=0
Depth=0
MagDepth=0
Magnet=0
Basket=0
Outer=0
Vcd=0
DVol=0
ParState=CCECENNNEENEECCCEECCNCCENNCCCNNNCCCCNCNNNNNNNNNCC
