[Driver]
Brand=Dayton
Model=RS225-4
Manufacturer=
ProvidedBy=Matt
Comment=
DateAdded=20130727
DateModified=20130727
Qts=0.429671899093219
Znom=4
Fs=37.5850778681404
Pe=80
SPL=87.9009473552832
Re=2.9
Le=0.00056
fLe=0
KLe=0
BL=6.47
Xmax=0.006
Cms=0.00056
Qms=2.39
Qes=0.523848960976368
Rms=3.16387086575323
Mms=0.03202
Sd=0.0219
Vas=0.038099642868
Dia=0
Vd=0.0001314
no=0.00375532639486593
Dd=0.166984867666804
EBP=71.7479286359336
numVC=1
Hc=0
Hg=0
SPLmax=103.931847225203
SPLmaxLF=82.9363878844813
USPL=92.3126960867794
alfaVC=0
Rt=0
Ct=0
gamma=202.061211742661
Rme=14.4347931034483
Mpow=3.79931482026013
Mcost=0
Gloss=0.0293075004133333
VCCon=1
c=343.68275625794
roo=1.20096171470853
Thick=0
Depth=0
MagDepth=0
Magnet=0
Basket=0
Outer=0
Vcd=0
DVol=0
ParState=CCECEENNEENEECCCEECCNCCENNCCCNNNCCCCNCNNNNNNNNNCC
