[Driver]
Brand=Dayton
Model=RS100-8
Manufacturer=
ProvidedBy=Matt
Comment=
DateAdded=20120210
DateModified=20120210
Qts=0.551890398744391
Znom=10
Fs=87.5853756896751
Pe=30
SPL=85.828158200836
Re=6.05
Le=0.00048
fLe=0
KLe=0
BL=3.5
Xmax=0.0035
Cms=0.00127
Qms=2.52
Qes=0.706649570709167
Rms=0.567785467741525
Mms=0.0026
Sd=0.00374
Vas=0.00251994796745999
Dia=0
Vd=1.309E-5
no=0.0023300689592342
Dd=0.069006636617861
EBP=123.94456788784
numVC=1
Hc=0
Hg=0
SPLmax=97.5993707480327
SPLmaxLF=62.9032735110211
USPL=87.0463331647971
alfaVC=0
Rt=0
Ct=0
gamma=1346.15384615385
Rme=2.02479338842975
Mpow=1.42295234931805
Mcost=0
Gloss=0.0092518738
VCCon=1
c=343.68275625794
roo=1.20096171470853
Thick=0
Depth=0
MagDepth=0
Magnet=0
Basket=0
Outer=0
Vcd=0
DVol=0
ParState=CCECEENNEENEECCCEECCNCCENNCCCNNNCCCCNCNNNNNNNNNCC
