[Driver]
Brand=Dayton Audio Audio Reference 15in Subwoofer
Model=RSS390HF-4
Manufacturer=Dayton Audio
ProvidedBy=Matt
Comment=
DateAdded=20090102
DateModified=20090102
Qts=0.42099137070361
Znom=4
Fs=17.8918412947888
Pe=500
SPL=87.1037115910525
Re=3.3
Le=0.001
fLe=0
KLe=0
BL=14.67
Xmax=0.014
Cms=0.00028
Qms=3.1
Qes=0.487147833310247
Rms=10.2481475409659
Mms=0.2826
Sd=0.08296
Vas=0.273363273335039
Dia=0
Vd=0.00116144
no=0.00312554558877646
Dd=0.325004542477838
EBP=36.7277447858301
numVC=1
Hc=0
Hg=0
SPLmax=111.093411634413
SPLmaxLF=101.864347181025
USPL=90.9543009027594
alfaVC=0
Rt=0
Ct=0
gamma=51.9108280254777
Rme=65.2148181818182
Mpow=8.07556921720185
Mcost=0
Gloss=0.0554271858
VCCon=1
c=343.684120962152
roo=1.20095217714682
Thick=0
Depth=0
MagDepth=0
Magnet=0
Basket=0
Outer=0
Vcd=0
DVol=0
ParState=CCECEENNEENEECCCEECCNCCENNCCCNNNCCCCNCNNNNNNNNNCC
