[Driver]
Brand=Dayton Audio 
Model=TIT320C-4
Manufacturer=Dayton Audio
ProvidedBy=Matt
Comment=
DateAdded=20090208
DateModified=20090208
Qts=0.431506209992022
Znom=4
Fs=24.9755080534153
Pe=500
SPL=85.4306655308066
Re=3.1
Le=0.0025
fLe=0
KLe=0
BL=15.45
Xmax=0.0187
Cms=0.00018
Qms=7.02
Qes=0.459767238262864
Rms=5.04308377867113
Mms=0.2256
Sd=0.05027
Vas=0.0645260267213097
Dia=0
Vd=0.000940049
no=0.0021262838072369
Dd=0.252993580775949
EBP=54.3220698973249
numVC=1
Hc=0
Hg=0
SPLmax=109.420365574167
SPLmaxLF=100.027421435132
USPL=89.5527773029497
alfaVC=0
Rt=0
Ct=0
gamma=68.4840425531915
Rme=77.0008064516129
Mpow=8.77501033911715
Mcost=0
Gloss=0.0212956386737968
VCCon=1
c=343.684120962152
roo=1.20095217714682
Thick=0
Depth=0
MagDepth=0
Magnet=0
Basket=0
Outer=0
Vcd=0
DVol=0
ParState=CCECEENNEENEECCCEECCNCCENNCCCNNNCCCCNCNNNNNNNNNCC
