[Driver]
Brand=Dayton
Model=DC130B-4
Manufacturer=
ProvidedBy=Matt
Comment=
DateAdded=20161203
DateModified=20161203
Qts=0.352846154702562
Znom=4
Fs=51.9106186720332
Pe=40
SPL=88.1164157763984
Re=3.2
Le=0.0005
fLe=0
KLe=0
BL=4.89
Xmax=0.0025
Cms=0.001
Qms=2.52
Qes=0.410294964420681
Rms=1.21664362831396
Mms=0.0094
Sd=0.00916
Vas=0.011902428888
Dia=0
Vd=2.29E-5
no=0.00394634029411173
Dd=0.107994787975041
EBP=126.520243175123
numVC=1
Hc=0
Hg=0
SPLmax=101.137015689678
SPLmaxLF=67.7611902268038
USPL=92.1006447036851
alfaVC=0
Rt=0
Ct=0
gamma=520.212765957447
Rme=7.47253125
Mpow=2.73359310249349
Mcost=0
Gloss=0.036873004
VCCon=1
c=343.68275625794
roo=1.20096171470853
Thick=0
Depth=0
MagDepth=0
Magnet=0
Basket=0
Outer=0
Vcd=0
DVol=0
ParState=CCECEENNEENEECCCEECCNCCENNCCCNNNCCCCNCNNNNNNNNNCC
