[Driver]
Brand=Dayton
Model=DCS385-4
Manufacturer=
ProvidedBy=Matt
Comment=
DateAdded=20120830
DateModified=20120830
Qts=0.412060711104361
Znom=4
Fs=19.542562173557
Pe=300
SPL=89.7760019788668
Re=3.2
Le=0.00205
fLe=0
KLe=0
BL=12.86
Xmax=0.0093
Cms=0.00035
Qms=4.86
Qes=0.45023435031291
Rms=4.78778142753401
Mms=0.1895
Sd=0.085001
Vas=0.358724271672149
Dia=0
Vd=0.0007905093
no=0.00578299946494369
Dd=0.328978167272592
EBP=43.4053113894466
numVC=1
Hc=0
Hg=0
SPLmax=111.547214526063
SPLmaxLF=98.5226202517064
USPL=93.7602309061536
alfaVC=0
Rt=0
Ct=0
gamma=67.8627968337731
Rme=51.681125
Mpow=7.18895854766182
Mcost=0
Gloss=0.069938286155914
VCCon=1
c=343.68275625794
roo=1.20096171470853
Thick=0
Depth=0
MagDepth=0
Magnet=0
Basket=0
Outer=0
Vcd=0
DVol=0
ParState=CCECEENNEENEECCCEECCNCCENNCCCNNNCCCCNCNNNNNNNNNCC
