[Driver]
Brand=Dayton
Model=DVC385-88 V2015
Manufacturer=
ProvidedBy=Matt
Comment=
DateAdded=20120326
DateModified=20120326
Qts=0.439022549843556
Znom=4
Fs=20.8085682182134
Pe=350
SPL=88.804742180414
Re=2.4
Le=0.00231
fLe=0
KLe=0
BL=12.6
Xmax=0.0151
Cms=0.00025
Qms=8.65
Qes=0.462496101006148
Rms=3.53689214815684
Mms=0.234
Sd=0.08296
Vas=0.244074351191999
Dia=0
Vd=0.001252696
no=0.00462409951856557
Dd=0.325004542477838
EBP=44.9918781432858
numVC=1
Hc=0
Hg=0
SPLmax=111.245422623917
SPLmaxLF=102.521394393489
USPL=94.0383584737837
alfaVC=0
Rt=0
Ct=0
gamma=53.8461538461538
Rme=66.15
Mpow=8.13326502703558
Mcost=0
Gloss=0.0379926506622517
VCCon=1
c=343.68275625794
roo=1.20096171470853
Thick=0
Depth=0
MagDepth=0
Magnet=0
Basket=0
Outer=0
Vcd=0
DVol=0
ParState=CCECEENNEENEECCCEECCNCCENNCCCNNNCCCCNCNNNNNNNNNCC
