[Driver]
Brand=Dayton
Model=TIT400C-4
Manufacturer=
ProvidedBy=Matt
Comment=
DateAdded=20120722
DateModified=20120722
Qts=0.483083349376637
Znom=6
Fs=24.2250298308428
Pe=800
SPL=88.3287630019745
Re=3.8
Le=0.00311
fLe=0
KLe=0
BL=16.8
Xmax=0.0205
Cms=0.00017
Qms=6.75
Qes=0.520321681311647
Rms=5.72536418453798
Mms=0.2539
Sd=0.08042
Vas=0.15596304546774
Dia=0
Vd=0.00164861
no=0.00414409072259062
Dd=0.319990506402302
EBP=46.5577943432522
numVC=1
Hc=0
Hg=0
SPLmax=114.359662871894
SPLmaxLF=104.906839176459
USPL=91.5666557462922
alfaVC=0
Rt=0
Ct=0
gamma=66.1677825915715
Rme=74.2736842105263
Mpow=8.6182181575153
Mcost=0
Gloss=0.0206480211682927
VCCon=1
c=343.68275625794
roo=1.20096171470853
Thick=0
Depth=0
MagDepth=0
Magnet=0
Basket=0
Outer=0
Vcd=0
DVol=0
ParState=CCECEENNEENEECCCEECCNCCENNCCCNNNCCCCNCNNNNNNNNNCC
