[Driver]
Brand=Dayton
Model=DCS450-4
Manufacturer=Dayton Audio
ProvidedBy=Matt
Comment=
DateAdded=20090402
DateModified=20090402
Qts=0.442033793648722
Znom=4
Fs=24.5254620374475
Pe=300
SPL=91.5655135482792
Re=3.2
Le=0.0026
fLe=0
KLe=0
BL=16.45
Xmax=0.00825
Cms=0.00016
Qms=5.64
Qes=0.479624240944961
Rms=7.19124106052243
Mms=0.2632
Sd=0.11341
Vas=0.291922340020078
Dia=0
Vd=0.0009356325
no=0.00873181064263469
Dd=0.379997495739662
EBP=51.1347424582359
numVC=1
Hc=0
Hg=0
SPLmax=113.336726095476
SPLmaxLF=99.9865865598393
USPL=95.549742475566
alfaVC=0
Rt=0
Ct=0
gamma=62.5
Rme=84.56328125
Mpow=9.19582955746789
Mcost=0
Gloss=0.0500578963393939
VCCon=1
c=343.68275625794
roo=1.20096171470853
Thick=0
Depth=0
MagDepth=0
Magnet=0
Basket=0
Outer=0
Vcd=0
DVol=0
ParState=CCECEENNEENEECCCEECCNCCENNCCCNNNCCCCNCNNNNNNNNNCC
