[Driver]
Brand=Dayton
Model=RS225P-8
Manufacturer=
ProvidedBy=Matt
Comment=
DateAdded=20140413
DateModified=20140413
Qts=0.327084601802032
Znom=10
Fs=32.2331894683934
Pe=80
SPL=89.5798556361358
Re=6.5
Le=0.00085
fLe=0
KLe=0
BL=7.97
Xmax=0.007
Cms=0.00115
Qms=1.28
Qes=0.439355152722197
Rms=3.35435513468166
Mms=0.0212
Sd=0.02138
Vas=0.0745689263613
Dia=0
Vd=0.00014966
no=0.00552762430615345
Dd=0.164990489018118
EBP=73.3647694096225
numVC=1
Hc=0
Hg=0
SPLmax=105.610755506055
SPLmaxLF=84.0665953977463
USPL=90.4864507801931
alfaVC=0
Rt=0
Ct=0
gamma=375.943396226415
Rme=9.77244615384615
Mpow=3.12609119410265
Mcost=0
Gloss=0.034155161
VCCon=1
c=343.68275625794
roo=1.20096171470853
Thick=0
Depth=0
MagDepth=0
Magnet=0
Basket=0
Outer=0
Vcd=0
DVol=0
ParState=CCECEENNEENEECCCEECCNCCENNCCCNNNCCCCNCNNNNNNNNNCC
