[Driver]
Brand=Dayton
Model=DC250-8
Manufacturer=
ProvidedBy=Matt
Comment=
DateAdded=20120720
DateModified=20120720
Qts=0.463150411516068
Znom=10
Fs=29.0239358956736
Pe=70
SPL=89.2189944777113
Re=6.7
Le=0.00257
fLe=0
KLe=0
BL=10.24
Xmax=0.0045
Cms=0.00067
Qms=4.05
Qes=0.522954509345041
Rms=2.02084963180758
Mms=0.04488
Sd=0.03431
Vas=0.111882171495885
Dia=0
Vd=0.000154395
no=0.00508689065065967
Dd=0.209009207404515
EBP=55.499924710514
numVC=1
Hc=0
Hg=0
SPLmax=104.669974877854
SPLmaxLF=84.3371452166364
USPL=89.9939751611889
alfaVC=0
Rt=0
Ct=0
gamma=228.163992869875
Rme=15.6503880597015
Mpow=3.95605713554563
Mcost=0
Gloss=0.0655293428533334
VCCon=1
c=343.68275625794
roo=1.20096171470853
Thick=0
Depth=0
MagDepth=0
Magnet=0
Basket=0
Outer=0
Vcd=0
DVol=0
ParState=CCECEENNEENEECCCEECCNCCENNCCCNNNCCCCNCNNNNNNNNNCC
