[Driver]
Brand=Dayton Audio 
Model=PA380-8
Manufacturer=
ProvidedBy=Matt
Comment=
DateAdded=20121121
DateModified=20121121
Qts=0.232392700409116
Znom=8
Fs=28.2454349516689
Pe=500
SPL=95.8323179469284
Re=5.8
Le=0.00338
fLe=0
KLe=0
BL=23.44
Xmax=0.005
Cms=0.00025
Qms=9.99
Qes=0.237927496547684
Rms=2.25614167559252
Mms=0.127
Sd=0.0845
Vas=0.2532200409375
Dia=0
Vd=0.0004225
no=0.0233230180790083
Dd=0.328007227862621
EBP=118.714462857419
numVC=1
Hc=0
Hg=0
SPLmax=119.822017990289
SPLmaxLF=93.0810148457202
USPL=97.2337667217848
alfaVC=0
Rt=0
Ct=0
gamma=184.566929133858
Rme=94.7299310344828
Mpow=9.73293023885832
Mcost=0
Gloss=0.0622722275
VCCon=1
c=343.68275625794
roo=1.20096171470853
Thick=0
Depth=0
MagDepth=0
Magnet=0
Basket=0
Outer=0
Vcd=0
DVol=0
ParState=CCECEENNEENEECCCEECCNCCENNCCCNNNCCCCNCNNNNNNNNNCC
