[Driver]
Brand=Dayton
Model=UM12-22
Manufacturer=
ProvidedBy=Matt
Comment=
DateAdded=20130313
DateModified=20130313
Qts=0.594902379408857
Znom=4
Fs=24.9865861236223
Pe=600
SPL=83.9586049235135
Re=3.3
Le=0.00122
fLe=0
KLe=0
BL=11.8
Xmax=0.019
Cms=0.00021
Qms=3.45
Qes=0.718859206129564
Rms=8.79173964527716
Mms=0.1932
Sd=0.04909
Vas=0.071787694676355
Dia=0
Vd=0.00093271
no=0.00151500283869462
Dd=0.250006658413429
EBP=34.7586647156589
numVC=1
Hc=0
Hg=0
SPLmax=108.74011742735
SPLmaxLF=99.95941324106
USPL=87.8091942352204
alfaVC=0
Rt=0
Ct=0
gamma=61.0766045548654
Rme=42.1939393939394
Mpow=6.49568621424553
Mcost=0
Gloss=0.0209408107263158
VCCon=1
c=343.68275625794
roo=1.20096171470853
Thick=0
Depth=0
MagDepth=0
Magnet=0
Basket=0
Outer=0
Vcd=0
DVol=0
ParState=CCECEENNEENEECCCEECCNCCENNCCCNNNCCCCNCNNNNNNNNNCC
