[Driver]
Brand=
Model=
Manufacturer=
ProvidedBy=Matt
Comment=
DateAdded=20110530
DateModified=20110530
Qts=0.411534973402281
Znom=4
Fs=22.9
Pe=250
SPL=87.0192104295998
Re=3.2
Le=0.00194
fLe=0
KLe=0
BL=12.31
Xmax=0.0093
Cms=0.000330370311416339
Qms=5.59
Qes=0.444239845109117
Rms=3.76332589403174
Mms=0.146207040367681
Sd=0.04988
Vas=0.1166
Dia=0
Vd=0.000463884
no=0.00306530714273927
Dd=0.252010294415506
EBP=51.548730380939
numVC=1
Hc=0
Hg=0
SPLmax=107.99861051632
SPLmaxLF=93.8926684472148
USPL=91.0034393568866
alfaVC=0
Rt=0
Ct=0
gamma=84.1956718981714
Rme=47.35503125
Mpow=6.8814992007556
Mcost=0
Gloss=0.0509339110622697
VCCon=1
c=343.68275625794
roo=1.20096171470853
Thick=0
Depth=0
MagDepth=0
Magnet=0
Basket=0
Outer=0
Vcd=0
DVol=0
ParState=CEECEENNEENCECCCCECENCCENNCCCNNNCCCCNCNNNNNNNNNCC
