[Driver]
Brand=Dayton
Model=CX120-8
Manufacturer=
ProvidedBy=Matt
Comment=
DateAdded=20170728
DateModified=20170728
Qts=0.500272185517655
Znom=10
Fs=82.8830825806889
Pe=40
SPL=86.5296559754963
Re=6.22
Le=0.00063
fLe=0
KLe=0
BL=5.08
Xmax=0.003
Cms=0.000765
Qms=2.89
Qes=0.605000539134288
Rms=0.868550268311569
Mms=0.00482
Sd=0.005251
Vas=0.00299219656349408
Dia=0
Vd=1.5753E-5
no=0.00273853661400617
Dd=0.0817666242999204
EBP=136.996708629861
numVC=1
Hc=0
Hg=0
SPLmax=99.550255888776
SPLmaxLF=64.5117460401404
USPL=87.6274808390739
alfaVC=0
Rt=0
Ct=0
gamma=1053.94190871369
Rme=4.14893890675241
Mpow=2.03689442700215
Mcost=0
Gloss=0.012053353515
VCCon=1
c=343.68275625794
roo=1.20096171470853
Thick=0
Depth=0
MagDepth=0
Magnet=0
Basket=0
Outer=0
Vcd=0
DVol=0
ParState=CCECEENNEENEECCCEECCNCCENNCCCNNNCCCCNCNNNNNNNNNCC
