[Driver]
Brand=Dayton
Model=PK165-8
Manufacturer=
ProvidedBy=Matt
Comment=
DateAdded=20130713
DateModified=20130713
Qts=0.597279305509375
Znom=10
Fs=94.5243283272026
Pe=100
SPL=91.2617174279754
Re=7
Le=0.001
fLe=0
KLe=0
BL=7.25
Xmax=0.0015
Cms=0.00035
Qms=8.82
Qes=0.640664285012423
Rms=0.545431105943723
Mms=0.0081
Sd=0.01131
Vas=0.006350938427925
Dia=0
Vd=1.6965E-5
no=0.00814187999698729
Dd=0.120001413537319
EBP=147.541123390966
numVC=1
Hc=0
Hg=0
SPLmax=108.261717427975
SPLmaxLF=65.1555578596288
USPL=91.8464657383186
alfaVC=0
Rt=0
Ct=0
gamma=895.061728395062
Rme=7.50892857142857
Mpow=2.7402424293169
Mcost=0
Gloss=0.0185345685
VCCon=1
c=343.68275625794
roo=1.20096171470853
Thick=0
Depth=0
MagDepth=0
Magnet=0
Basket=0
Outer=0
Vcd=0
DVol=0
ParState=CCECEENNEENEECCCEECCNCCENNCCCNNNCCCCNCNNNNNNNNNCC
