[Driver]
Brand=Dayton
Model=ST210-8
Manufacturer=
ProvidedBy=Matt
Comment=
DateAdded=20110718
DateModified=20110718
Qts=0.487269439421338
Znom=10
Fs=51.645380998738
Pe=180
SPL=90.0971278678304
Re=6.9019368867672
Le=0.0013
fLe=0
KLe=0
BL=10.46
Xmax=0.00555
Cms=0.00036
Qms=4.99
Qes=0.54
Rms=1.7154797646488
Mms=0.02638
Sd=0.02217
Vas=0.02510027820342
Dia=0
Vd=0.0001230435
no=0.00622681181825623
Dd=0.168011073167153
EBP=95.6395944421074
numVC=1
Hc=0
Hg=0
SPLmax=109.649852918863
SPLmaxLF=82.3656541047493
USPL=90.7431467416767
alfaVC=0
Rt=0
Ct=0
gamma=396.512509476876
Rme=15.8523037511065
Mpow=3.98149516527479
Mcost=0
Gloss=0.016780503372973
VCCon=1
c=343.68275625794
roo=1.20096171470853
Thick=0
Depth=0
MagDepth=0
Magnet=0
Basket=0
Outer=0
Vcd=0
DVol=0
ParState=CCECCENNEENEEECCEECCNCCENNCCCNNNCCCCNCNNNNNNNNNCC
