[Driver]
Brand=Dayton
Model=RSS265HF-4
Manufacturer=Dayton Audio
ProvidedBy=Matt
Comment=
DateAdded=20090208
DateModified=20090208
Qts=0.442390342750939
Znom=4
Fs=26.3525400089535
Pe=350
SPL=84.1006799128973
Re=3.3
Le=0.00105
fLe=0
KLe=0
BL=12.48
Xmax=0.0123
Cms=0.00025
Qms=3.26
Qes=0.511849650166278
Rms=7.4103725370197
Mms=0.1459
Sd=0.03563
Vas=0.0450211206873748
Dia=0
Vd=0.000438249
no=0.00156539041411233
Dd=0.212991842517299
EBP=51.4849233566784
numVC=1
Hc=0
Hg=0
SPLmax=106.5413603564
SPLmaxLF=93.3988302756491
USPL=87.9512692246043
alfaVC=0
Rt=0
Ct=0
gamma=85.5380397532557
Rme=47.1970909090909
Mpow=6.87001389438849
Mcost=0
Gloss=0.0290811023373984
VCCon=1
c=343.684120962152
roo=1.20095217714682
Thick=0
Depth=0
MagDepth=0
Magnet=0
Basket=0
Outer=0
Vcd=0
DVol=0
ParState=CCECEENNEENEECCCEECCNCCENNCCCNNNCCCCNCNNNNNNNNNCC
