[Driver]
Brand=Dayton
Model=SD315A-88
Manufacturer=
ProvidedBy=Matt
Comment=
DateAdded=20130131
DateModified=20130131
Qts=0.330180201869849
Znom=4
Fs=24.0812383798879
Pe=120
SPL=89.7767216287799
Re=3.1
Le=0.0015
fLe=0
KLe=0
BL=11.86
Xmax=0.007
Cms=0.0004
Qms=3.54
Qes=0.36414440315315
Rms=4.66743266719161
Mms=0.1092
Sd=0.05228
Vas=0.1550871436128
Dia=0
Vd=0.00036596
no=0.0057839578192553
Dd=0.258001867045094
EBP=66.1310133325321
numVC=1
Hc=0
Hg=0
SPLmax=107.568534089256
SPLmaxLF=91.8331529584613
USPL=93.898833400923
alfaVC=0
Rt=0
Ct=0
gamma=108.608058608059
Rme=45.374064516129
Mpow=6.73602735417019
Mcost=0
Gloss=0.061193496
VCCon=1
c=343.68275625794
roo=1.20096171470853
Thick=0
Depth=0
MagDepth=0
Magnet=0
Basket=0
Outer=0
Vcd=0
DVol=0
ParState=CCECEENNEENEECCCEECCNCCENNCCCNNNCCCCNCNNNNNNNNNCC
