[Driver]
Brand=Dayton
Model=DSA315-8
Manufacturer=
ProvidedBy=Matt
Comment=
DateAdded=20170106
DateModified=20170106
Qts=0.329678917094439
Znom=8
Fs=24.2771125015692
Pe=120
SPL=88.9871569798668
Re=6
Le=0.00111
fLe=0
KLe=0
BL=16.1
Xmax=0.0055
Cms=0.00038
Qms=1.89
Qes=0.399336495632163
Rms=9.12804347732038
Mms=0.1131
Sd=0.05067
Vas=0.138398076209609
Dia=0
Vd=0.000278685
no=0.00482246020160541
Dd=0.253998125449246
EBP=60.7936233404807
numVC=1
Hc=0
Hg=0
SPLmax=106.778969440343
SPLmaxLF=89.4667524557043
USPL=90.2413731865162
alfaVC=0
Rt=0
Ct=0
gamma=142.351900972591
Rme=43.2016666666667
Mpow=6.5727974764682
Mcost=0
Gloss=0.0766309461272727
VCCon=1
c=343.68275625794
roo=1.20096171470853
Thick=0
Depth=0
MagDepth=0
Magnet=0
Basket=0
Outer=0
Vcd=0
DVol=0
ParState=CCECEENNEENEECCCEECCNCCENNCCCNNNCCCCNCNNNNNNNNNCC
