[Driver]
Brand=
Model=
Manufacturer=
ProvidedBy=Matt
Comment=
DateAdded=20110524
DateModified=20110524
Qts=0.330273752012882
Znom=6
Fs=30.2
Pe=150
SPL=86.2820303935741
Re=3.53
Le=0.00176
fLe=0
KLe=0
BL=10.0979124185106
Xmax=0.0088
Cms=0.000521262701459155
Qms=5.86
Qes=0.35
Rms=1.7252773556821
Mms=0.0532806760747461
Sd=0.02138
Vas=0.0338
Dia=0
Vd=0.000188144
no=0.00258675914776495
Dd=0.164990489018118
EBP=86.2857142857143
numVC=1
Hc=0
Hg=0
SPLmax=105.042942984131
SPLmaxLF=86.0542880404646
USPL=89.8400120501816
alfaVC=0
Rt=0
Ct=0
gamma=189.522978356065
Rme=28.8860722979917
Mpow=5.37457647615062
Mcost=0
Gloss=0.0309502656372145
VCCon=1
c=343.68275625794
roo=1.20096171470853
Thick=0
Depth=0
MagDepth=0
Magnet=0
Basket=0
Outer=0
Vcd=0
DVol=0
ParState=CEECEENNCENCEECCCECENCCENNCCCNNNCCCCNCNNNNNNNNNCC
