[Driver]
Brand=Dayton
Model=RSS315HO-44
Manufacturer=
ProvidedBy=Matt
Comment=
DateAdded=20140412
DateModified=20140412
Qts=0.386059147170088
Znom=2
Fs=21.2225456112678
Pe=700
SPL=83.3488848829939
Re=1.7
Le=0.00083
fLe=0
KLe=0
BL=13.7
Xmax=0.014
Cms=0.00016
Qms=4.26
Qes=0.424532028087932
Rms=11.0025429925192
Mms=0.3515
Sd=0.05147
Vas=0.06012747511512
Dia=0
Vd=0.00072058
no=0.00131656238397686
Dd=0.255995389348165
EBP=49.9904464378175
numVC=1
Hc=0
Hg=0
SPLmax=108.799865283136
SPLmaxLF=97.7181246585742
USPL=90.080124379697
alfaVC=0
Rt=0
Ct=0
gamma=38.9758179231863
Rme=110.405882352941
Mpow=10.507420347209
Mcost=0
Gloss=0.039394714
VCCon=1
c=343.68275625794
roo=1.20096171470853
Thick=0
Depth=0
MagDepth=0
Magnet=0
Basket=0
Outer=0
Vcd=0
DVol=0
ParState=CCECEENNEENEECCCEECCNCCENNCCCNNNCCCCNCNNNNNNNNNCC
