[Driver]
Brand=Dayton Audio 
Model=DC200-8
Manufacturer=
ProvidedBy=Matt
Comment=
DateAdded=20120109
DateModified=20120109
Qts=0.402613384094875
Znom=10
Fs=30.8679887888768
Pe=60
SPL=87.1319251962675
Re=6.4
Le=0.00236
fLe=0
KLe=0
BL=9.35
Xmax=0.0045
Cms=0.00081
Qms=2.96
Qes=0.465997440320162
Rms=2.1504783164268
Mms=0.03282
Sd=0.02112
Vas=0.05125278799872
Dia=0
Vd=9.504E-5
no=0.00314590405973573
Dd=0.163984204071022
EBP=66.2406831412402
numVC=1
Hc=0
Hg=0
SPLmax=101.913437700104
SPLmaxLF=80.1226091327484
USPL=88.1058541669144
alfaVC=0
Rt=0
Ct=0
gamma=284.887263863498
Rme=13.659765625
Mpow=3.69591201532179
Mcost=0
Gloss=0.05793376554
VCCon=1
c=343.68275625794
roo=1.20096171470853
Thick=0
Depth=0
MagDepth=0
Magnet=0
Basket=0
Outer=0
Vcd=0
DVol=0
ParState=CCECEENNEENEECCCEECCNCCENNCCCNNNCCCCNCNNNNNNNNNCC
