[Driver]
Brand=Dayton
Model=IB385-8
Manufacturer=
ProvidedBy=Matt
Comment=
DateAdded=20121110
DateModified=20121110
Qts=0.574351918792509
Znom=8
Fs=21.6944320469372
Pe=350
SPL=88.1810546142642
Re=5.2
Le=0.00308
fLe=0
KLe=0
BL=15.46
Xmax=0.0143
Cms=0.00026
Qms=8.92
Qes=0.613879121882159
Rms=3.16325092979583
Mms=0.207
Sd=0.08194
Vas=0.24763379614428
Dia=0
Vd=0.001171742
no=0.00400551549088606
Dd=0.323000384358284
EBP=35.3399085807347
numVC=1
Hc=0
Hg=0
SPLmax=110.621735057767
SPLmaxLF=101.94112052165
USPL=90.056749888402
alfaVC=0
Rt=0
Ct=0
gamma=74.6859903381643
Rme=45.9637692307692
Mpow=6.77965848924334
Mcost=0
Gloss=0.0369086645454545
VCCon=1
c=343.68275625794
roo=1.20096171470853
Thick=0
Depth=0
MagDepth=0
Magnet=0
Basket=0
Outer=0
Vcd=0
DVol=0
ParState=CCECEENNEENEECCCEECCNCCENNCCCNNNCCCCNCNNNNNNNNNCC
