[Driver]
Brand=Dayton
Model=DA115-8
Manufacturer=
ProvidedBy=Matt
Comment=
DateAdded=20120120
DateModified=20120120
Qts=0.406981632065891
Znom=10
Fs=59.0679394873997
Pe=20
SPL=84.7730950601649
Re=6.4
Le=0.0007
fLe=0
KLe=0
BL=5.7
Xmax=0.0025
Cms=0.0011
Qms=2.6
Qes=0.482509521508536
Rms=0.942111439531992
Mms=0.0066
Sd=0.00531
Vas=0.00439973354205
Dia=0
Vd=1.3275E-5
no=0.00182752135400178
Dd=0.0822247042107402
EBP=122.418184210598
numVC=1
Hc=0
Hg=0
SPLmax=94.7833950168048
SPLmaxLF=63.0251711750762
USPL=85.7470240308119
alfaVC=0
Rt=0
Ct=0
gamma=863.636363636364
Rme=5.0765625
Mpow=2.25312283286997
Mcost=0
Gloss=0.0284785116
VCCon=1
c=343.68275625794
roo=1.20096171470853
Thick=0
Depth=0
MagDepth=0
Magnet=0
Basket=0
Outer=0
Vcd=0
DVol=0
ParState=CCECEENNEENEECCCEECCNCCENNCCCNNNCCCCNCNNNNNNNNNCC
