[Driver]
Brand=Dayton
Model=ST255-8
Manufacturer=
ProvidedBy=Matt
Comment=
DateAdded=20130525
DateModified=20130525
Qts=0.309412714502135
Znom=10
Fs=40.7287060812881
Pe=250
SPL=92.2017627722344
Re=6.3
Le=0.00123
fLe=0
KLe=0
BL=16.03
Xmax=0.0055
Cms=0.0003
Qms=9.94
Qes=0.319353564946401
Rms=1.31042412358014
Mms=0.0509
Sd=0.03398
Vas=0.0491374541826
Dia=0
Vd=0.00018689
no=0.0101094896380341
Dd=0.208001633960171
EBP=127.534840853033
numVC=1
Hc=0
Hg=0
SPLmax=113.181162858955
SPLmaxLF=85.9962018605514
USPL=93.2440859881844
alfaVC=0
Rt=0
Ct=0
gamma=314.931237721022
Rme=40.7874444444445
Mpow=6.38650486921011
Mcost=0
Gloss=0.0272268264545455
VCCon=1
c=343.68275625794
roo=1.20096171470853
Thick=0
Depth=0
MagDepth=0
Magnet=0
Basket=0
Outer=0
Vcd=0
DVol=0
ParState=CCECEENNEENEECCCEECCNCCENNCCCNNNCCCCNCNNNNNNNNNCC
