[Driver]
Brand=
Model=EAW LC10 Buyout
Manufacturer=
ProvidedBy=Matt
Comment=
DateAdded=20121228
DateModified=20121228
Qts=0.335593220338983
Znom=8
Fs=64
Pe=100
SPL=94.9988668753125
Re=6
Le=0.0005
fLe=0
KLe=0
BL=16.277097545715
Xmax=0.0025
Cms=0.000156435377668877
Qms=4.95
Qes=0.36
Rms=3.21144126682085
Mms=0.0395316862924374
Sd=0.035
Vas=0.0271841471115428
Dia=0
Vd=8.75E-5
no=0.0192503948455691
Dd=0.211100412282238
EBP=177.777777777778
numVC=1
Hc=0
Hg=0
SPLmax=111.998866875313
SPLmaxLF=79.4046416404523
USPL=96.2530830819619
alfaVC=0
Rt=0
Ct=0
gamma=411.748120869533
Rme=44.1573174187867
Mpow=6.64509724675168
Mcost=0
Gloss=0.0242583346085481
VCCon=1
c=343.68275625794
roo=1.20096171470853
Thick=0
Depth=0
MagDepth=0
Magnet=0
Basket=0
Outer=0
Vcd=0
DVol=0
ParState=CEECEENNCENCEECCCECENCCENNCCCNNNCCCCNCNNNNNNNNNCC
