[Driver]
Brand=eighteensound
Model=6ND430-1
Manufacturer=
ProvidedBy=Matt
Comment=
DateAdded=20120726
DateModified=20120726
Qts=0.378904427185847
Znom=16
Fs=63
Pe=130
SPL=91.200293815885
Re=11
Le=0.00147
fLe=0
KLe=0
BL=11.4
Xmax=0.005
Cms=0.000530388875695207
Qms=6.3
Qes=0.403151386751946
Rms=0.756039743467286
Mms=0.0120327462346747
Sd=0.0133
Vas=0.0133089053566928
Dia=0
Vd=6.65E-5
no=0.00802753736706693
Dd=0.130131033750515
EBP=156.268841110952
numVC=1
Hc=0
Hg=0
SPLmax=109.339727338953
SPLmaxLF=77.0209134860681
USPL=89.8220956747885
alfaVC=0
Rt=0
Ct=0
gamma=947.414644808902
Rme=11.8145454545455
Mpow=3.43722932818651
Mcost=0
Gloss=0.0125172762102057
VCCon=1
c=343.68275625794
roo=1.20096171470853
Thick=0
Depth=0
MagDepth=0
Magnet=0
Basket=0
Outer=0
Vcd=0
DVol=0
ParState=CEECEENNEENCECCCCECENCCENNCCCNNNCCCCNCNNNNNNNNNCC
