[Driver]
Brand=Eminence
Model=2515
Manufacturer=
ProvidedBy=Matt
Comment=
DateAdded=20121010
DateModified=20121010
Qts=0.373818530452535
Znom=8
Fs=41.9410100870725
Pe=300
SPL=97.7956912554051
Re=5.29
Le=0.00115
fLe=0
KLe=0
BL=15.7
Xmax=0.0048
Cms=0.0002
Qms=4.56
Qes=0.407199857737614
Rms=4.16089165811629
Mms=0.072
Sd=0.08563
Vas=0.2080302695499
Dia=0
Vd=0.000411024
no=0.0366540594388429
Dd=0.330193128662109
EBP=102.998587278726
numVC=1
Hc=0
Hg=0
SPLmax=119.566903802602
SPLmaxLF=92.8418242079534
USPL=99.596863245539
alfaVC=0
Rt=0
Ct=0
gamma=218.055555555556
Rme=46.5954631379962
Mpow=6.82608695652174
Mcost=0
Gloss=0.02941995
VCCon=1
c=343.68275625794
roo=1.20096171470853
Thick=0
Depth=0
MagDepth=0
Magnet=0
Basket=0
Outer=0
Vcd=0
DVol=0
ParState=CCECEENNEEEEECCCEECCNCCENNCCCNNNCCCCNCNNNNNNNNNCC
