[Driver]
Brand=Eminence
Model=Kappa Pro-12A
Manufacturer=
ProvidedBy=Matt
Comment=
DateAdded=20120912
DateModified=20120912
Qts=0.239165486133353
Znom=8
Fs=36.6285002308627
Pe=500
SPL=95.8900524163116
Re=5.46
Le=0.00122
fLe=0
KLe=0
BL=17.3
Xmax=0.0048
Cms=0.00032
Qms=6.93
Qes=0.247714513857601
Rms=1.95937599047623
Mms=0.059
Sd=0.05195
Vas=0.122508361164
Dia=0
Vd=0.00024936
no=0.0236351409103046
Dd=0.257186302802058
EBP=147.865781703524
numVC=1
Hc=0
Hg=0
SPLmax=119.879752459672
SPLmaxLF=88.5010163653817
USPL=97.55385469975
alfaVC=0
Rt=0
Ct=0
gamma=293.220338983051
Rme=54.8150183150183
Mpow=7.40371652043879
Mcost=0
Gloss=0.0385728233333333
VCCon=1
c=343.68275625794
roo=1.20096171470853
Thick=0
Depth=0
MagDepth=0
Magnet=0
Basket=0
Outer=0
Vcd=0
DVol=0
ParState=CCECEENNEEEEECCCEECCNCCENNCCCNNNCCCCNCNNNNNNNNNCC
