[Driver]
Brand=Eminence
Model=Beta-8CX
Manufacturer=
ProvidedBy=Matt
Comment=
DateAdded=20130824
DateModified=20130824
Qts=0.296993403239801
Znom=8
Fs=53.4993488640712
Pe=250
SPL=94.484908519739
Re=5.53
Le=0.00096
fLe=0
KLe=0
BL=9.5
Xmax=0.0032
Cms=0.00059
Qms=7.67
Qes=0.308956647868759
Rms=0.657391765436259
Mms=0.015
Sd=0.02059
Vas=0.035482103058045
Dia=0
Vd=6.5888E-5
no=0.0171018780879975
Dd=0.161913564058411
EBP=173.16134555809
numVC=1
Hc=0
Hg=0
SPLmax=115.464308606459
SPLmaxLF=76.9406070787648
USPL=96.0933859171778
alfaVC=0
Rt=0
Ct=0
gamma=633.333333333333
Rme=16.3200723327306
Mpow=4.03981092784434
Mcost=0
Gloss=0.02712151640625
VCCon=1
c=343.68275625794
roo=1.20096171470853
Thick=0
Depth=0
MagDepth=0
Magnet=0
Basket=0
Outer=0
Vcd=0
DVol=0
ParState=CCECEENNEEEEECCCEECCNCCENNCCCNNNCCCCNCNNNNNNNNNCC
