[Driver]
Brand=Eminence
Model=4012HO
Manufacturer=
ProvidedBy=Matt
Comment=
DateAdded=20121206
DateModified=20121206
Qts=0.354137793361146
Znom=8
Fs=45.8676920642156
Pe=600
SPL=93.9287612717823
Re=5.85
Le=0.00117
fLe=0
KLe=0
BL=19.6
Xmax=0.0062
Cms=0.00014
Qms=5.74
Qes=0.377423494308362
Rms=4.31790731032789
Mms=0.086
Sd=0.0552
Vas=0.060513300288
Dia=0
Vd=0.00034224
no=0.0150462779891801
Dd=0.26510907730476
EBP=121.52844948953
numVC=1
Hc=0
Hg=0
SPLmax=118.710273775619
SPLmaxLF=91.2510959245551
USPL=95.2929313214463
alfaVC=0
Rt=0
Ct=0
gamma=227.906976744186
Rme=65.6683760683761
Mpow=8.10360265982829
Mcost=0
Gloss=0.0190438816129032
VCCon=1
c=343.68275625794
roo=1.20096171470853
Thick=0
Depth=0
MagDepth=0
Magnet=0
Basket=0
Outer=0
Vcd=0
DVol=0
ParState=CCECEENNEEEEECCCEECCNCCENNCCCNNNCCCCNCNNNNNNNNNCC
