[Driver]
Brand=Eminence
Model=2510-4
Manufacturer=
ProvidedBy=Matt
Comment=
DateAdded=20150526
DateModified=20150526
Qts=0.386839235104689
Znom=4
Fs=54.1456111967831
Pe=250
SPL=95.4012372202166
Re=3.46
Le=0.0003
fLe=0
KLe=0
BL=8.84
Xmax=0.0042
Cms=0.00032
Qms=7.92
Qes=0.406704016766289
Rms=1.15979627972688
Mms=0.027
Sd=0.03501
Vas=0.05563894005936
Dia=0
Vd=0.000147042
no=0.0211191617416051
Dd=0.211130567330214
EBP=133.132718056969
numVC=1
Hc=0
Hg=0
SPLmax=116.380637306937
SPLmaxLF=83.9133086032647
USPL=99.0462049427746
alfaVC=0
Rt=0
Ct=0
gamma=327.407407407407
Rme=22.5854335260116
Mpow=4.75241344224296
Mcost=0
Gloss=0.02017368
VCCon=1
c=343.68275625794
roo=1.20096171470853
Thick=0
Depth=0
MagDepth=0
Magnet=0
Basket=0
Outer=0
Vcd=0
DVol=0
ParState=ECECEENNEENEECCCEECCNCCENNCCCNNNCCCCNCNNNNNNNNNCC
