[Driver]
Brand=Eminence
Model=Omega Pro-18A
Manufacturer=
ProvidedBy=Matt
Comment=
DateAdded=20120510
DateModified=20120510
Qts=0.3088263710864
Znom=8
Fs=25.1583172589297
Pe=800
SPL=96.4135965159348
Re=5.2
Le=0.00167
fLe=0
KLe=0
BL=18.8
Xmax=0.0048
Cms=0.00029
Qms=8.18
Qes=0.320943208037888
Rms=2.66678031429639
Mms=0.138
Sd=0.1159
Vas=0.5525982661395
Dia=0
Vd=0.00055632
no=0.0266632205983404
Dd=0.384146408592877
EBP=78.3886888049045
numVC=1
Hc=0
Hg=0
SPLmax=122.444496385854
SPLmaxLF=95.4709740467897
USPL=98.2892917900726
alfaVC=0
Rt=0
Ct=0
gamma=136.231884057971
Rme=67.9692307692308
Mpow=8.24434538148608
Mcost=0
Gloss=0.081762944375
VCCon=1
c=343.68275625794
roo=1.20096171470853
Thick=0
Depth=0
MagDepth=0
Magnet=0
Basket=0
Outer=0
Vcd=0
DVol=0
ParState=CCECEENNEENEECCCEECCNCCENNCCCNNNCCCCNCNNNNNNNNNCC
