[Driver]
Brand=Eminence
Model=Alphalite-6A
Manufacturer=
ProvidedBy=Matt
Comment=
DateAdded=20150505
DateModified=20150505
Qts=0.575261594166373
Znom=10
Fs=122.790704410528
Pe=100
SPL=93.720674835173
Re=7.3
Le=0.00053
fLe=0
KLe=0
BL=8.45
Xmax=0.0035
Cms=0.00021
Qms=6.51
Qes=0.631022417827539
Rms=0.948100460596571
Mms=0.008
Sd=0.01299
Vas=0.005026691645955
Dia=0
Vd=4.5465E-5
no=0.014342354004517
Dd=0.128605527432182
EBP=194.590082604778
numVC=1
Hc=0
Hg=0
SPLmax=110.720674835173
SPLmaxLF=73.7180244884721
USPL=94.1231749444542
alfaVC=0
Rt=0
Ct=0
gamma=1056.25
Rme=9.78116438356164
Mpow=3.12748531308488
Mcost=0
Gloss=0.004707192
VCCon=1
c=343.68275625794
roo=1.20096171470853
Thick=0
Depth=0
MagDepth=0
Magnet=0
Basket=0
Outer=0
Vcd=0
DVol=0
ParState=CCECEENNEEEEECCCEECCNCCENNCCCNNNCCCCNCNNNNNNNNNCC
