[Driver]
Brand=Eminence
Model=Beta-10CX
Manufacturer=
ProvidedBy=Matt
Comment=
DateAdded=20120808
DateModified=20120808
Qts=0.393296617070146
Znom=8
Fs=49.046265646272
Pe=250
SPL=94.6463900528587
Re=5.53
Le=0.00075
fLe=0
KLe=0
BL=10.4
Xmax=0.005
Cms=0.00039
Qms=5.21
Qes=0.425410329852836
Rms=1.59702551696323
Mms=0.027
Sd=0.03449
Vas=0.065810568714345
Dia=0
Vd=0.00017245
no=0.0177497385153043
Dd=0.20955675101966
EBP=115.291665962222
numVC=1
Hc=0
Hg=0
SPLmax=115.625790139579
SPLmaxLF=85.2977445540742
USPL=96.2548674502975
alfaVC=0
Rt=0
Ct=0
gamma=385.185185185185
Rme=19.5587703435805
Mpow=4.42252985785065
Mcost=0
Gloss=0.0206528049
VCCon=1
c=343.68275625794
roo=1.20096171470853
Thick=0
Depth=0
MagDepth=0
Magnet=0
Basket=0
Outer=0
Vcd=0
DVol=0
ParState=CCECEENNEENEECCCEECCNCCENNCCCNNNCCCCNCNNNNNNNNNCC
