[Driver]
Brand=Eminence
Model=2512
Manufacturer=
ProvidedBy=Matt
Comment=
DateAdded=20120828
DateModified=20120828
Qts=0.392065484087877
Znom=8
Fs=36.8833443547899
Pe=250
SPL=94.1514389182688
Re=5.04
Le=0.00046
fLe=0
KLe=0
BL=11.3
Xmax=0.0049
Cms=0.00038
Qms=3.13
Qes=0.448208296459652
Rms=3.62795510516082
Mms=0.049
Sd=0.05195
Vas=0.14547867888225
Dia=0
Vd=0.000254555
no=0.0158378726323586
Dd=0.257186302802058
EBP=82.2906328288149
numVC=1
Hc=0
Hg=0
SPLmax=115.130839004989
SPLmaxLF=88.6801132184402
USPL=96.1628622642993
alfaVC=0
Rt=0
Ct=0
gamma=230.612244897959
Rme=25.3353174603175
Mpow=5.03342005601733
Mcost=0
Gloss=0.03726527
VCCon=1
c=343.68275625794
roo=1.20096171470853
Thick=0
Depth=0
MagDepth=0
Magnet=0
Basket=0
Outer=0
Vcd=0
DVol=0
ParState=CCECEENNEEEEECCCEECCNCCENNCCCNNNCCCCNCNNNNNNNNNCC
