[Driver]
Brand=Eminence
Model=3015LF
Manufacturer=
ProvidedBy=Matt
Comment=
DateAdded=20130522
DateModified=20130522
Qts=0.388754994702101
Znom=8
Fs=42.3248499293338
Pe=450
SPL=96.559776198502
Re=5.31
Le=0.00092
fLe=0
KLe=0
BL=18.6
Xmax=0.0096
Cms=0.00014
Qms=6.82
Qes=0.412254402014578
Rms=3.93833172956916
Mms=0.101
Sd=0.08811
Vas=0.15417824089437
Dia=0
Vd=0.000845856
no=0.0275759557867774
Dd=0.334940496635768
EBP=102.666823501468
numVC=1
Hc=0
Hg=0
SPLmax=120.091901336255
SPLmaxLF=99.1104092656466
USPL=98.3445596981731
alfaVC=0
Rt=0
Ct=0
gamma=184.158415841584
Rme=65.1525423728814
Mpow=8.07171248081108
Mcost=0
Gloss=0.0144443782291667
VCCon=1
c=343.68275625794
roo=1.20096171470853
Thick=0
Depth=0
MagDepth=0
Magnet=0
Basket=0
Outer=0
Vcd=0
DVol=0
ParState=CCECEENNEEEEECCCEECCNCCENNCCCNNNCCCCNCNNNNNNNNNCC
