[Driver]
Brand=Eminence
Model=Delta-15LF-4
Manufacturer=
ProvidedBy=Matt
Comment=
DateAdded=20160218
DateModified=20160218
Qts=0.483907768630926
Znom=6
Fs=39.9891840731957
Pe=600
SPL=97.0330870761465
Re=3.37
Le=0.00076
fLe=0
KLe=0
BL=10.32
Xmax=0.006
Cms=0.00024
Qms=6.22
Qes=0.524731158335291
Rms=2.66609709835643
Mms=0.066
Sd=0.0873
Vas=0.259468342308
Dia=0
Vd=0.0005238
no=0.0307511712516697
Dd=0.333397378896985
EBP=76.2088994296838
numVC=1
Hc=0
Hg=0
SPLmax=121.814599579983
SPLmaxLF=94.9477904617903
USPL=100.792516777919
alfaVC=0
Rt=0
Ct=0
gamma=156.363636363636
Rme=31.6030860534125
Mpow=5.62166221445334
Mcost=0
Gloss=0.025889556
VCCon=1
c=343.68275625794
roo=1.20096171470853
Thick=0
Depth=0
MagDepth=0
Magnet=0
Basket=0
Outer=0
Vcd=0
DVol=0
ParState=CCECEENNEENEECCCEECCNCCENNCCCNNNCCCCNCNNNNNNNNNCC
