[Driver]
Brand=Eminence
Model=Eminator 2515
Manufacturer=
ProvidedBy=Matt
Comment=
DateAdded=20170530
DateModified=20170530
Qts=0.367496171123421
Znom=6
Fs=28.7755275639523
Pe=300
SPL=94.484615345792
Re=3.73
Le=0.00249
fLe=0
KLe=0
BL=14.17
Xmax=0.006
Cms=0.00027
Qms=10.72
Qes=0.380541656353155
Rms=1.91090143910128
Mms=0.1133
Sd=0.08563
Vas=0.280840863892365
Dia=0
Vd=0.00051378
no=0.0171007236510703
Dd=0.330193128662109
EBP=75.6172867898797
numVC=1
Hc=0
Hg=0
SPLmax=116.255827892989
SPLmaxLF=94.7800244681145
USPL=97.8032557381909
alfaVC=0
Rt=0
Ct=0
gamma=125.066195939982
Rme=53.8308042895442
Mpow=7.33694788652231
Mcost=0
Gloss=0.049999205025
VCCon=1
c=343.68275625794
roo=1.20096171470853
Thick=0
Depth=0
MagDepth=0
Magnet=0
Basket=0
Outer=0
Vcd=0
DVol=0
ParState=CCECEENNEENEECCCEECCNCCENNCCCNNNCCCCNCNNNNNNNNNCC
