[Driver]
Brand=Eminence
Model=Kappa Pro 18LF-8
Manufacturer=
ProvidedBy=Matt
Comment=
DateAdded=20160527
DateModified=20160527
Qts=0.330682640364629
Znom=8
Fs=31.8373567265989
Pe=800
SPL=97.81278399689
Re=5.39
Le=0.00121
fLe=0
KLe=0
BL=19.39
Xmax=0.008
Cms=0.00021
Qms=10.66
Qes=0.34126911039273
Rms=2.23309206646118
Mms=0.119
Sd=0.1159
Vas=0.4001573651355
Dia=0
Vd=0.0009272
no=0.0367986048837311
Dd=0.384146408592877
EBP=93.2910590412379
numVC=1
Hc=0
Hg=0
SPLmax=123.843683866809
SPLmaxLF=99.9079490391168
USPL=99.5326250555084
alfaVC=0
Rt=0
Ct=0
gamma=162.941176470588
Rme=69.7536363636364
Mpow=8.35186424480405
Mcost=0
Gloss=0.0306335229375
VCCon=1
c=343.68275625794
roo=1.20096171470853
Thick=0
Depth=0
MagDepth=0
Magnet=0
Basket=0
Outer=0
Vcd=0
DVol=0
ParState=CCECEENNEENEECCCEECCNCCENNCCCNNNCCCCNCNNNNNNNNNCC
