[Driver]
Brand=Eminence
Model=Delta-12A
Manufacturer=
ProvidedBy=Matt
Comment=
DateAdded=20130708
DateModified=20130708
Qts=0.432426801058347
Znom=10
Fs=55.6132378441912
Pe=400
SPL=96.7100747484602
Re=6.3
Le=0.00074
fLe=0
KLe=0
BL=13.5
Xmax=0.0024
Cms=0.00021
Qms=5.27
Qes=0.471081087119479
Rms=2.58590187426659
Mms=0.039
Sd=0.05195
Vas=0.080396112013875
Dia=0
Vd=0.00012468
no=0.0285469969792201
Dd=0.257186302802058
EBP=118.054490754977
numVC=1
Hc=0
Hg=0
SPLmax=119.73067466174
SPLmaxLF=82.4804164521021
USPL=97.7523979644102
alfaVC=0
Rt=0
Ct=0
gamma=346.153846153846
Rme=28.9285714285714
Mpow=5.37852874200477
Mcost=0
Gloss=0.033465193125
VCCon=1
c=343.68275625794
roo=1.20096171470853
Thick=0
Depth=0
MagDepth=0
Magnet=0
Basket=0
Outer=0
Vcd=0
DVol=0
ParState=CCECEENNEEEEECCCEECCNCCENNCCCNNNCCCCNCNNNNNNNNNCC
