[Driver]
Brand=Eminence
Model=Kappa Pro-10LF
Manufacturer=
ProvidedBy=Matt
Comment=
DateAdded=20151001
DateModified=20151001
Qts=0.282508011507548
Znom=8
Fs=38.578057296016
Pe=600
SPL=93.6992446869585
Re=5.47
Le=0.00097
fLe=0
KLe=0
BL=14.46
Xmax=0.0072
Cms=0.00037
Qms=8.97
Qes=0.291694871958374
Rms=1.24304145016338
Mms=0.046
Sd=0.03769
Vas=0.074558754932235
Dia=0
Vd=0.000271368
no=0.0142717563562202
Dd=0.219062544587313
EBP=132.254835462178
numVC=1
Hc=0
Hg=0
SPLmax=118.480757190795
SPLmaxLF=89.2356532576235
USPL=95.35510013411
alfaVC=0
Rt=0
Ct=0
gamma=314.347826086957
Rme=38.225155393053
Mpow=6.18264954473833
Mcost=0
Gloss=0.0231818309722222
VCCon=1
c=343.68275625794
roo=1.20096171470853
Thick=0
Depth=0
MagDepth=0
Magnet=0
Basket=0
Outer=0
Vcd=0
DVol=0
ParState=CCECEENNEENEECCCEECCNCCENNCCCNNNCCCCNCNNNNNNNNNCC
