[Driver]
Brand=Eminence
Model=Omega Pro-15A
Manufacturer=
ProvidedBy=Matt
Comment=
DateAdded=20140316
DateModified=20140316
Qts=0.31575960504794
Znom=8
Fs=32.831157950418
Pe=800
SPL=96.4307695325914
Re=5.28
Le=0.00104
fLe=0
KLe=0
BL=17.5
Xmax=0.0048
Cms=0.00025
Qms=5.69
Qes=0.334311832126148
Rms=3.40785930222589
Mms=0.094
Sd=0.08563
Vas=0.260037836937375
Dia=0
Vd=0.000411024
no=0.0267688619184216
Dd=0.330193128662109
EBP=98.2051928632595
numVC=1
Hc=0
Hg=0
SPLmax=122.461669402511
SPLmaxLF=92.8418242079534
USPL=98.2401590177391
alfaVC=0
Rt=0
Ct=0
gamma=186.170212765957
Rme=58.0018939393939
Mpow=7.61589744806178
Mcost=0
Gloss=0.0480117239583333
VCCon=1
c=343.68275625794
roo=1.20096171470853
Thick=0
Depth=0
MagDepth=0
Magnet=0
Basket=0
Outer=0
Vcd=0
DVol=0
ParState=CCECEENNEEEEECCCEECCNCCENNCCCNNNCCCCNCNNNNNNNNNCC
