[Driver]
Brand=Eminence
Model=Beta-6A
Manufacturer=
ProvidedBy=Matt
Comment=
DateAdded=20120725
DateModified=20120725
Qts=0.593693263413211
Znom=8
Fs=122.6
Pe=175
SPL=91.4471513444387
Re=5.18
Le=0.00043
fLe=0
KLe=0
BL=8.13
Xmax=0.0045
Cms=0.000141958948735641
Qms=3.46
Qes=0.716663944297824
Rms=2.6429612035987
Mms=0.0118712526609855
Sd=0.01299
Vas=0.00339801838894285
Dia=0
Vd=5.8455E-5
no=0.00849704833418012
Dd=0.128605527432182
EBP=171.070417279219
numVC=1
Hc=0
Hg=0
SPLmax=110.877531831302
SPLmaxLF=75.9009138769734
USPL=93.3395824574722
alfaVC=0
Rt=0
Ct=0
gamma=684.847693177232
Rme=12.7600193050193
Mpow=3.57211692208126
Mcost=0
Gloss=0.0036725480339655
VCCon=1
c=343.68275625794
roo=1.20096171470853
Thick=0
Depth=0
MagDepth=0
Magnet=0
Basket=0
Outer=0
Vcd=0
DVol=0
ParState=CEECEENNEENCECCCCECENCCENNCCCNNNCCCCNCNNNNNNNNNCC
