[Driver]
Brand=Eminence
Model=Alpha 4
Manufacturer=
ProvidedBy=Matt
Comment=
DateAdded=20161203
DateModified=20161203
Qts=0.656044565420284
Znom=6
Fs=115.463131300781
Pe=55
SPL=87.8081854122576
Re=3.42
Le=0.00018
fLe=0
KLe=0
BL=4.12
Xmax=0.0026
Cms=0.00038
Qms=6.41
Qes=0.730844323032402
Rms=0.565894110850243
Mms=0.005
Sd=0.00577
Vas=0.00179465044521
Dia=0
Vd=1.5002E-5
no=0.00367596608155098
Dd=0.0857122638431741
EBP=157.985945381232
numVC=1
Hc=0
Hg=0
SPLmax=102.2118123072
SPLmaxLF=64.087463802537
USPL=91.503653062182
alfaVC=0
Rt=0
Ct=0
gamma=824
Rme=4.96327485380117
Mpow=2.22784085019581
Mcost=0
Gloss=0.00716639807692308
VCCon=1
c=343.68275625794
roo=1.20096171470853
Thick=0
Depth=0
MagDepth=0
Magnet=0
Basket=0
Outer=0
Vcd=0
DVol=0
ParState=CCECEENNEENEECCCEECCNCCENNCCCNNNCCCCNCNNNNNNNNNCC
