[Driver]
Brand=Eminence
Model=Kilomax Pro-18A
Manufacturer=
ProvidedBy=Matt
Comment=
DateAdded=20120412
DateModified=20120412
Qts=0.459816704456631
Znom=8
Fs=31.4615342366847
Pe=1250
SPL=95.4923847714703
Re=5.07
Le=0.00159
fLe=0
KLe=0
BL=17.2
Xmax=0.01
Cms=0.00018
Qms=10.15
Qes=0.481635837825821
Rms=2.76886439623383
Mms=0.14217
Sd=0.1159
Vas=0.342992027259
Dia=0
Vd=0.001159
no=0.0215670840768184
Dd=0.384146408592877
EBP=65.3222450777479
numVC=1
Hc=0
Hg=0
SPLmax=123.461484901551
SPLmaxLF=101.846149299278
USPL=97.4780338886227
alfaVC=0
Rt=0
Ct=0
gamma=120.98192304987
Rme=58.3510848126233
Mpow=7.63878817697043
Mcost=0
Gloss=0.025095805749
VCCon=1
c=343.68275625794
roo=1.20096171470853
Thick=0
Depth=0
MagDepth=0
Magnet=0
Basket=0
Outer=0
Vcd=0
DVol=0
ParState=CCECEENNEEEEECCCEECCNCCENNCCCNNNCCCCNCNNNNNNNNNCC
