[Driver]
Brand=Eminence
Model=3010LF
Manufacturer=
ProvidedBy=Matt
Comment=
DateAdded=20160711
DateModified=20160711
Qts=0.273266308090863
Znom=10
Fs=38.4315649471972
Pe=450
SPL=93.1524080565847
Re=7.2
Le=0.00113
fLe=0
KLe=0
BL=17.45
Xmax=0.00852
Cms=0.00035
Qms=11.75
Qes=0.279772904579222
Rms=1.00699230350632
Mms=0.049
Sd=0.03584
Vas=0.0637747396608
Dia=0
Vd=0.0003053568
no=0.012583277084344
Dd=0.213618597699985
EBP=137.367001300566
numVC=1
Hc=0
Hg=0
SPLmax=116.684533194338
SPLmaxLF=90.2606324951418
USPL=93.6148118027579
alfaVC=0
Rt=0
Ct=0
gamma=356.122448979592
Rme=42.2920138888889
Mpow=6.50323103456189
Mcost=0
Gloss=0.0197399116784038
VCCon=1
c=343.68275625794
roo=1.20096171470853
Thick=0
Depth=0
MagDepth=0
Magnet=0
Basket=0
Outer=0
Vcd=0
DVol=0
ParState=CCECEENNEEEEECCCEECCNCCENNCCCNNNCCCCNCNNNNNNNNNCC
