[Driver]
Brand=Eminence
Model=Eminator 2512
Manufacturer=
ProvidedBy=Matt
Comment=
DateAdded=20170530
DateModified=20170530
Qts=0.417524038804206
Znom=6
Fs=42.9552742732743
Pe=300
SPL=91.3425009931441
Re=3.65
Le=0.0023
fLe=0
KLe=0
BL=16.05
Xmax=0.006
Cms=0.00012
Qms=9.15
Qes=0.437487027967191
Rms=3.37443677286977
Mms=0.1144
Sd=0.05259
Vas=0.04707954270306
Dia=0
Vd=0.00031554
no=0.00829474527157723
Dd=0.258765661666347
EBP=98.1863953152361
numVC=1
Hc=0
Hg=0
SPLmax=113.113713540341
SPLmaxLF=90.545569003948
USPL=94.7553010590652
alfaVC=0
Rt=0
Ct=0
gamma=140.297202797203
Rme=70.5760273972603
Mpow=8.40095395757293
Mcost=0
Gloss=0.0224376152
VCCon=1
c=343.68275625794
roo=1.20096171470853
Thick=0
Depth=0
MagDepth=0
Magnet=0
Basket=0
Outer=0
Vcd=0
DVol=0
ParState=CCECEENNEENEECCCEECCNCCENNCCCNNNCCCCNCNNNNNNNNNCC
