[Driver]
Brand=Eminence
Model=CX2008
Manufacturer=
ProvidedBy=Matt
Comment=
DateAdded=20120807
DateModified=20120807
Qts=0.386372141780108
Znom=8
Fs=56.5532464645475
Pe=200
SPL=91.8782324428931
Re=5.4
Le=0.00062
fLe=0
KLe=0
BL=10.7
Xmax=0.003
Cms=0.00033
Qms=9.8
Qes=0.402230367130857
Rms=0.870207005533104
Mms=0.024
Sd=0.02141
Vas=0.021458132495415
Dia=0
Vd=6.423E-5
no=0.00938374502285298
Dd=0.165106204161987
EBP=140.599146871845
numVC=1
Hc=0
Hg=0
SPLmax=111.888532399533
SPLmaxLF=76.719239020288
USPL=93.5900235551493
alfaVC=0
Rt=0
Ct=0
gamma=445.833333333333
Rme=21.2018518518518
Mpow=4.60454686715771
Mcost=0
Gloss=0.025889556
VCCon=1
c=343.68275625794
roo=1.20096171470853
Thick=0
Depth=0
MagDepth=0
Magnet=0
Basket=0
Outer=0
Vcd=0
DVol=0
ParState=CCECEENNEENEECCCEECCNCCENNCCCNNNCCCCNCNNNNNNNNNCC
