[Driver]
Brand=Eminence
Model=Kappa-15LFA
Manufacturer=
ProvidedBy=Matt
Comment=
DateAdded=20130907
DateModified=20130907
Qts=0.386702675573884
Znom=8
Fs=40.1032761283612
Pe=600
SPL=95.9014401609275
Re=5.4
Le=0.00127
fLe=0
KLe=0
BL=18.6
Xmax=0.0055
Cms=0.00015
Qms=6.08
Qes=0.412968466867522
Rms=4.35156465635623
Mms=0.105
Sd=0.08563
Vas=0.156022702162424
Dia=0
Vd=0.000470965
no=0.0236971965297601
Dd=0.330193128662109
EBP=97.1097779754358
numVC=1
Hc=0
Hg=0
SPLmax=120.682952664764
SPLmaxLF=94.0242532503265
USPL=97.6132312731836
alfaVC=0
Rt=0
Ct=0
gamma=177.142857142857
Rme=64.0666666666667
Mpow=8.004165582162
Mcost=0
Gloss=0.0280826795454545
VCCon=1
c=343.68275625794
roo=1.20096171470853
Thick=0
Depth=0
MagDepth=0
Magnet=0
Basket=0
Outer=0
Vcd=0
DVol=0
ParState=CCECEENNEEEEECCCEECCNCCENNCCCNNNCCCCNCNNNNNNNNNCC
