[Driver]
Brand=Eminence
Model=Beta-10CBMRA
Manufacturer=
ProvidedBy=Matt
Comment=
DateAdded=20130202
DateModified=20130202
Qts=1.9283345898169
Znom=8
Fs=379.155342324029
Pe=0
SPL=97.5810988582088
Re=5.68
Le=0.00048
fLe=0
KLe=0
BL=9.5
Xmax=0
Cms=1E-5
Qms=7.14
Qes=2.64182519169222
Rms=5.8790173282396
Mms=0.01762
Sd=0.03501
Vas=0.001738716876855
Dia=0
Vd=0
no=0.0348869369260881
Dd=0.211130567330214
EBP=143.520223637947
numVC=1
Hc=0
Hg=0
SPLmax=0
SPLmaxLF=0
USPL=99.0733442115844
alfaVC=0
Rt=0
Ct=0
gamma=539.160045402951
Rme=15.8890845070423
Mpow=3.98611145190927
Mcost=0
Gloss=0
VCCon=1
c=343.68275625794
roo=1.20096171470853
Thick=0
Depth=0
MagDepth=0
Magnet=0
Basket=0
Outer=0
Vcd=0
DVol=0
ParState=CCNCEENNENNEECCCEENCNCCENNNNCNNNCCCCNNNNNNNNNNNCC
