[Driver]
Brand=Eminence
Model=Delta Pro-8A
Manufacturer=
ProvidedBy=Matt
Comment=
DateAdded=20121225
DateModified=20121225
Qts=0.195562888113654
Znom=8
Fs=61.2360903229753
Pe=225
SPL=96.3327793755309
Re=5.4
Le=0.00082
fLe=0
KLe=0
BL=14.1
Xmax=0.003
Cms=0.00035
Qms=6.43
Qes=0.201697338188455
Rms=1.15487148796863
Mms=0.0193
Sd=0.02182
Vas=0.0236386235757
Dia=0
Vd=6.546E-5
no=0.0261716372274549
Dd=0.166679593430393
EBP=303.603859490498
numVC=1
Hc=0
Hg=0
SPLmax=116.854604556645
SPLmaxLF=76.8840005994457
USPL=98.044570487787
alfaVC=0
Rt=0
Ct=0
gamma=730.569948186528
Rme=36.8166666666667
Mpow=6.06767390905829
Mcost=0
Gloss=0.0220813069166667
VCCon=1
c=343.68275625794
roo=1.20096171470853
Thick=0
Depth=0
MagDepth=0
Magnet=0
Basket=0
Outer=0
Vcd=0
DVol=0
ParState=CCECEENNEEEEECCCEECCNCCENNCCCNNNCCCCNCNNNNNNNNNCC
