[Driver]
Brand=Eminence
Model=3012HO
Manufacturer=
ProvidedBy=Matt
Comment=
DateAdded=20120912
DateModified=20120912
Qts=0.320426541965451
Znom=8
Fs=51.9659310144929
Pe=400
SPL=97.3320056489797
Re=5.5
Le=0.00057
fLe=0
KLe=0
BL=15.9
Xmax=0.0062
Cms=0.0002
Qms=8.39
Qes=0.333150035881194
Rms=1.82519580823761
Mms=0.0469
Sd=0.05324
Vas=0.0804175314096
Dia=0
Vd=0.000330088
no=0.0329422697510964
Dd=0.260359891998941
EBP=155.983567214817
numVC=1
Hc=0
Hg=0
SPLmax=120.352605562259
SPLmaxLF=90.9370753060238
USPL=98.964107464523
alfaVC=0
Rt=0
Ct=0
gamma=339.019189765458
Rme=45.9654545454545
Mpow=6.77978278010841
Mcost=0
Gloss=0.0148365124193548
VCCon=1
c=343.68275625794
roo=1.20096171470853
Thick=0
Depth=0
MagDepth=0
Magnet=0
Basket=0
Outer=0
Vcd=0
DVol=0
ParState=CCECEENNEENEECCCEECCNCCENNCCCNNNCCCCNCNNNNNNNNNCC
