[Driver]
Brand=Eminence
Model=3015
Manufacturer=
ProvidedBy=Matt
Comment=
DateAdded=20121020
DateModified=20121020
Qts=0.342073506977309
Znom=8
Fs=44.8368257717301
Pe=450
SPL=97.9424282803003
Re=5.27
Le=0.00064
fLe=0
KLe=0
BL=18.6
Xmax=0.0059
Cms=0.00015
Qms=6.7
Qes=0.360477979615389
Rms=3.53198793020873
Mms=0.084
Sd=0.0856
Vas=0.15591339792
Dia=0
Vd=0.00050504
no=0.03791366621063
Dd=0.330135282921002
EBP=124.381594181061
numVC=1
Hc=0
Hg=0
SPLmax=121.474553418054
SPLmaxLF=94.630996106392
USPL=99.7600508386606
alfaVC=0
Rt=0
Ct=0
gamma=221.428571428571
Rme=65.6470588235294
Mpow=8.102287258764
Mcost=0
Gloss=0.0209430152542373
VCCon=1
c=343.68275625794
roo=1.20096171470853
Thick=0
Depth=0
MagDepth=0
Magnet=0
Basket=0
Outer=0
Vcd=0
DVol=0
ParState=CCECEENNEEEEECCCEECCNCCENNCCCNNNCCCCNCNNNNNNNNNCC
