[Driver]
Brand=Eminence
Model=3012LF-4
Manufacturer=
ProvidedBy=Matt
Comment=
DateAdded=20160714
DateModified=20160714
Qts=0.306274738368551
Znom=6
Fs=36.784699234704
Pe=550
SPL=94.3830221682847
Re=3.89
Le=0.00066
fLe=0
KLe=0
BL=14.27
Xmax=0.0091
Cms=0.00026
Qms=8.38
Qes=0.31789319358259
Rms=1.98580022514998
Mms=0.072
Sd=0.05454
Vas=0.10971051741468
Dia=0
Vd=0.000496314
no=0.016705334303349
Dd=0.263519420100029
EBP=115.714019605604
numVC=1
Hc=0
Hg=0
SPLmax=118.786649063227
SPLmaxLF=94.4796110985401
USPL=97.5192548655134
alfaVC=0
Rt=0
Ct=0
gamma=198.194444444444
Rme=52.3477892030848
Mpow=7.23517720605963
Mcost=0
Gloss=0.02017368
VCCon=1
c=343.68275625794
roo=1.20096171470853
Thick=0
Depth=0
MagDepth=0
Magnet=0
Basket=0
Outer=0
Vcd=0
DVol=0
ParState=CCECEENNEEEEECCCEECCNCCENNCCCNNNCCCCNCNNNNNNNNNCC
