[Driver]
Brand=Eminence
Model=3012LF
Manufacturer=
ProvidedBy=Matt
Comment=
DateAdded=20120914
DateModified=20120914
Qts=0.319639092463307
Znom=8
Fs=36.6829433019158
Pe=450
SPL=94.1183664768209
Re=5.6
Le=0.00098
fLe=0
KLe=0
BL=16.7
Xmax=0.0091
Cms=0.00026
Qms=6.94
Qes=0.335071657372942
Rms=2.40449090481524
Mms=0.0724
Sd=0.05454
Vas=0.10971051741468
Dia=0
Vd=0.000496314
no=0.0157177219564366
Dd=0.263519420100029
EBP=109.477905679999
numVC=1
Hc=0
Hg=0
SPLmax=117.650491614574
SPLmaxLF=94.4796110985401
USPL=95.6722149172447
alfaVC=0
Rt=0
Ct=0
gamma=230.662983425414
Rme=49.8017857142857
Mpow=7.05703802698311
Mcost=0
Gloss=0.020285756
VCCon=1
c=343.68275625794
roo=1.20096171470853
Thick=0
Depth=0
MagDepth=0
Magnet=0
Basket=0
Outer=0
Vcd=0
DVol=0
ParState=CCECEENNEENEECCCEECCNCCENNCCCNNNCCCCNCNNNNNNNNNCC
