[Driver]
Brand=Eminence
Model=Beta-12CX
Manufacturer=
ProvidedBy=Matt
Comment=
DateAdded=20170508
DateModified=20170508
Qts=0.479410739256268
Znom=8
Fs=47.1376259651482
Pe=250
SPL=95.9613137436206
Re=5.42
Le=0.00064
fLe=0
KLe=0
BL=10.79
Xmax=0.0035
Cms=0.0003
Qms=5.64
Qes=0.523947253460678
Rms=1.99550153855013
Mms=0.038
Sd=0.05389
Vas=0.12358969771365
Dia=0
Vd=0.000188615
no=0.0240261579921053
Dd=0.261944419802709
EBP=89.9663575938295
numVC=1
Hc=0
Hg=0
SPLmax=116.940713830341
SPLmaxLF=86.076005138932
USPL=97.6570495887226
alfaVC=0
Rt=0
Ct=0
gamma=283.947368421053
Rme=21.4804612546125
Mpow=4.63470185174975
Mcost=0
Gloss=0.03194166
VCCon=1
c=343.68275625794
roo=1.20096171470853
Thick=0
Depth=0
MagDepth=0
Magnet=0
Basket=0
Outer=0
Vcd=0
DVol=0
ParState=CCECEENNEEEEECCCEECCNCCENNCCCNNNCCCCNCNNNNNNNNNCC
