[Driver]
Brand=Eminence
Model=Basslite S2012
Manufacturer=
ProvidedBy=Matt
Comment=
DateAdded=20130227
DateModified=20130227
Qts=0.471565332385784
Znom=8
Fs=47.9000089923372
Pe=150
SPL=94.9509558539383
Re=5.1
Le=0.00043
fLe=0
KLe=0
BL=11.7
Xmax=0.0052
Cms=0.00024
Qms=5.5
Qes=0.515788610086958
Rms=2.51715874633881
Mms=0.046
Sd=0.05195
Vas=0.091881270873
Dia=0
Vd=0.00027014
no=0.0190391931448833
Dd=0.257186302802058
EBP=92.8675198629563
numVC=1
Hc=0
Hg=0
SPLmax=113.711868444495
SPLmaxLF=89.1962584905659
USPL=96.9109828034447
alfaVC=0
Rt=0
Ct=0
gamma=254.347826086957
Rme=26.8411764705882
Mpow=5.18084708040956
Mcost=0
Gloss=0.0208202723076923
VCCon=1
c=343.68275625794
roo=1.20096171470853
Thick=0
Depth=0
MagDepth=0
Magnet=0
Basket=0
Outer=0
Vcd=0
DVol=0
ParState=CCECEENNEEEEECCCEECCNCCENNCCCNNNCCCCNCNNNNNNNNNCC
