[Driver]
Brand=Eminence
Model=Beta-12CX
Manufacturer=
ProvidedBy=Matt
Comment=
DateAdded=20130904
DateModified=20130904
Qts=0.476919949651502
Znom=8
Fs=43.1569433362838
Pe=250
SPL=96.0430166192323
Re=5.57
Le=0.00101
fLe=0
KLe=0
BL=10
Xmax=0.0035
Cms=0.0004
Qms=6.69
Qes=0.513528626271214
Rms=1.3781082895804
Mms=0.034
Sd=0.05324
Vas=0.1608350628192
Dia=0
Vd=0.00018634
no=0.0244824353390876
Dd=0.260359891998941
EBP=84.0399952961745
numVC=1
Hc=0
Hg=0
SPLmax=117.022416705953
SPLmaxLF=85.9706024030643
USPL=97.6201933779809
alfaVC=0
Rt=0
Ct=0
gamma=294.117647058824
Rme=17.9533213644524
Mpow=4.23713598607036
Mcost=0
Gloss=0.03810584
VCCon=1
c=343.68275625794
roo=1.20096171470853
Thick=0
Depth=0
MagDepth=0
Magnet=0
Basket=0
Outer=0
Vcd=0
DVol=0
ParState=CCECEENNEEEEECCCEECCNCCENNCCCNNNCCCCNCNNNNNNNNNCC
