[Driver]
Brand=Eminence
Model=Legend BP122
Manufacturer=
ProvidedBy=Matt
Comment=
DateAdded=20170530
DateModified=20170530
Qts=0.535658718348376
Znom=8
Fs=35.5881271708589
Pe=250
SPL=93.0886317058859
Re=5.66
Le=0.00084
fLe=0
KLe=0
BL=10.55
Xmax=0.0062
Cms=0.0004
Qms=9.26
Qes=0.568547191332127
Rms=1.20738011744049
Mms=0.05
Sd=0.05324
Vas=0.1608350628192
Dia=0
Vd=0.000330088
no=0.0123998412419204
Dd=0.260359891998941
EBP=62.5948517791013
numVC=1
Hc=0
Hg=0
SPLmax=114.068031792606
SPLmaxLF=90.9370753060238
USPL=94.596196104489
alfaVC=0
Rt=0
Ct=0
gamma=211
Rme=19.6647526501767
Mpow=4.43449576053205
Mcost=0
Gloss=0.0316343548387097
VCCon=1
c=343.68275625794
roo=1.20096171470853
Thick=0
Depth=0
MagDepth=0
Magnet=0
Basket=0
Outer=0
Vcd=0
DVol=0
ParState=CCECEENNEENEECCCEECCNCCENNCCCNNNCCCCNCNNNNNNNNNCC
