[Driver]
Brand=Eminence
Model=Sigma Pro 18A-2
Manufacturer=
ProvidedBy=Matt
Comment=
DateAdded=20140131
DateModified=20140131
Qts=0.229834711879946
Znom=4
Fs=22.8769145929487
Pe=650
SPL=95.1552758819468
Re=3.3
Le=0.0019
fLe=0
KLe=0
BL=21
Xmax=0.012
Cms=0.00022
Qms=8
Qes=0.236633022189471
Rms=3.95284707521047
Mms=0.22
Sd=0.114
Vas=0.405580467599998
Dia=0
Vd=0.001368
no=0.0199563238224808
Dd=0.380984655989987
EBP=96.6767629525149
numVC=1
Hc=0
Hg=0
SPLmax=120.284409448375
SPLmaxLF=103.286202527688
USPL=99.0058651936537
alfaVC=0
Rt=0
Ct=0
gamma=95.4545454545455
Rme=133.636363636364
Mpow=11.5601195338268
Mcost=0
Gloss=0.0395534883333333
VCCon=1
c=343.68275625794
roo=1.20096171470853
Thick=0
Depth=0
MagDepth=0
Magnet=0
Basket=0
Outer=0
Vcd=0
DVol=0
ParState=CCECEENNEEEEECCCEECCNCCENNCCCNNNCCCCNCNNNNNNNNNCC
