[Driver]
Brand=Eminence
Model=Beta-8a
Manufacturer=
ProvidedBy=Matt
Comment=
DateAdded=20130102
DateModified=20130102
Qts=0.393437388692927
Znom=8
Fs=65.4122786723734
Pe=225
SPL=93.8395286542201
Re=5.99
Le=0.00049
fLe=0
KLe=0
BL=9.6
Xmax=0.003
Cms=0.00037
Qms=4.95
Qes=0.427408825503077
Rms=1.3284766650938
Mms=0.016
Sd=0.021
Vas=0.02314648035
Dia=0
Vd=6.3E-5
no=0.0147402829319717
Dd=0.163517676229325
EBP=153.043818398884
numVC=1
Hc=0
Hg=0
SPLmax=114.361353835334
SPLmaxLF=76.5512915690777
USPL=95.1009891408128
alfaVC=0
Rt=0
Ct=0
gamma=600
Rme=15.3856427378965
Mpow=3.9224536629381
Mcost=0
Gloss=0.0193517893333333
VCCon=1
c=343.68275625794
roo=1.20096171470853
Thick=0
Depth=0
MagDepth=0
Magnet=0
Basket=0
Outer=0
Vcd=0
DVol=0
ParState=CCECEENNEEEEECCCEECCNCCENNCCCNNNCCCCNCNNNNNNNNNCC
