[Driver]
Brand=Eminence
Model=HL-10C
Manufacturer=
ProvidedBy=Matt
Comment=
DateAdded=20160823
DateModified=20160823
Qts=0.287114891840104
Znom=6
Fs=42.2800221851446
Pe=300
SPL=88.912783012965
Re=3.7
Le=0.0016
fLe=0
KLe=0
BL=18.3
Xmax=0.0111
Cms=0.00013
Qms=2.8
Qes=0.319919798379074
Rms=10.3415001234718
Mms=0.109
Sd=0.03345
Vas=0.020633848837875
Dia=0
Vd=0.000371295
no=0.00474057755042827
Dd=0.206373115427837
EBP=132.158192144917
numVC=1
Hc=0
Hg=0
SPLmax=110.683995560162
SPLmaxLF=91.958862597816
USPL=92.2664944827808
alfaVC=0
Rt=0
Ct=0
gamma=167.889908256881
Rme=90.5108108108108
Mpow=9.51371698185367
Mcost=0
Gloss=0.0125189396846847
VCCon=1
c=343.68275625794
roo=1.20096171470853
Thick=0
Depth=0
MagDepth=0
Magnet=0
Basket=0
Outer=0
Vcd=0
DVol=0
ParState=CCECEENNEENEECCCEECCNCCENNCCCNNNCCCCNCNNNNNNNNNCC
