[Driver]
Brand=Eminence
Model=Kappa-Pro-15LF-2
Manufacturer=
ProvidedBy=Matt
Comment=
DateAdded=20140404
DateModified=20140404
Qts=0.314912717070467
Znom=10
Fs=34.7304559021428
Pe=0
SPL=95.48434516813
Re=6.21
Le=0.001
fLe=0
KLe=0
BL=20.4
Xmax=0.0067
Cms=0.00021
Qms=9.57
Qes=0.325627907142809
Rms=2.28022873809814
Mms=0.1
Sd=0.076
Vas=0.1720644408
Dia=0
Vd=0.0005092
no=0.0215271963006704
Dd=0.31107266900175
EBP=106.656877805351
numVC=1
Hc=0
Hg=0
SPLmax=0
SPLmaxLF=94.7022484796384
USPL=96.58915787685
alfaVC=0
Rt=0
Ct=0
gamma=204
Rme=67.0144927536232
Mpow=8.18623800983231
Mcost=0
Gloss=0.0307372611940299
VCCon=1
c=343.68275625794
roo=1.20096171470853
Thick=0
Depth=0
MagDepth=0
Magnet=0
Basket=0
Outer=0
Vcd=0
DVol=0
ParState=CCNCEENNEENEECCCEECCNCCENNNCCNNNCCCCNCNNNNNNNNNCC
