[Driver]
Brand=Eminence
Model=Delta-12LF (C 16 ohm)
Manufacturer=
ProvidedBy=Matt
Comment=
DateAdded=20151014
DateModified=20151014
Qts=0.55420622606772
Znom=16
Fs=52.2643216987169
Pe=225
SPL=94.9760238813214
Re=12.69
Le=0.00183
fLe=0
KLe=0
BL=18.32
Xmax=0.00476
Cms=0.000194
Qms=8.37
Qes=0.593504159188298
Rms=1.87537285416281
Mms=0.0478
Sd=0.05454
Vas=0.081860924532492
Dia=0
Vd=0.0002596104
no=0.0191494075581572
Dd=0.263519420100029
EBP=88.0605820356775
numVC=1
Hc=0
Hg=0
SPLmax=115.497849062435
SPLmaxLF=88.8509223065281
USPL=92.9771363708602
alfaVC=0
Rt=0
Ct=0
gamma=383.26359832636
Rme=26.4477856579984
Mpow=5.14274106464621
Mcost=0
Gloss=0.0191048375588235
VCCon=1
c=343.68275625794
roo=1.20096171470853
Thick=0
Depth=0
MagDepth=0
Magnet=0
Basket=0
Outer=0
Vcd=0
DVol=0
ParState=ECECEENNEENEECCCEECCNCCENNCCCNNNCCCCNCNNNNNNNNNCC
