[Driver]
Brand=Eminence
Model=LAB15
Manufacturer=
ProvidedBy=Matt
Comment=
DateAdded=20121002
DateModified=20121002
Qts=0.340596288226116
Znom=8
Fs=27.3431428147917
Pe=600
SPL=89.7790173924331
Re=4.9
Le=0.00323
fLe=0
KLe=0
BL=26.7
Xmax=0.0118
Cms=0.00011
Qms=5.36
Qes=0.36370776485058
Rms=9.87220638456937
Mms=0.308
Sd=0.08237
Vas=0.105870622148445
Dia=0
Vd=0.000971966
no=0.00578701613819931
Dd=0.32384678676781
EBP=75.1788811163406
numVC=1
Hc=0
Hg=0
SPLmax=114.56052989627
SPLmaxLF=100.317502045802
USPL=91.9127853026338
alfaVC=0
Rt=0
Ct=0
gamma=86.6883116883117
Rme=145.487755102041
Mpow=12.0618305037851
Mcost=0
Gloss=0.0281567205084746
VCCon=1
c=343.68275625794
roo=1.20096171470853
Thick=0
Depth=0
MagDepth=0
Magnet=0
Basket=0
Outer=0
Vcd=0
DVol=0
ParState=CCECEENNEEEEECCCEECCNCCENNCCCNNNCCCCNCNNNNNNNNNCC
