[Driver]
Brand=Eminence
Model=Delta Pro-18C
Manufacturer=
ProvidedBy=Matt
Comment=
DateAdded=20120824
DateModified=20120824
Qts=0.321811851122302
Znom=6
Fs=26.9406095779096
Pe=500
SPL=96.7568493410327
Re=3.8
Le=0.00265
fLe=0
KLe=0
BL=16.5
Xmax=0.0067
Cms=0.00025
Qms=13.24
Qes=0.329828677191812
Rms=1.78478011936458
Mms=0.1396
Sd=0.1188
Vas=0.5005155078
Dia=0
Vd=0.00079596
no=0.0288561168760267
Dd=0.388922688865714
EBP=81.6806161528587
numVC=1
Hc=0
Hg=0
SPLmax=120.746549384393
SPLmaxLF=98.582305446926
USPL=99.9947420853504
alfaVC=0
Rt=0
Ct=0
gamma=118.194842406877
Rme=71.6447368421053
Mpow=8.46432140470252
Mcost=0
Gloss=0.0510824007462687
VCCon=1
c=343.68275625794
roo=1.20096171470853
Thick=0
Depth=0
MagDepth=0
Magnet=0
Basket=0
Outer=0
Vcd=0
DVol=0
ParState=CCECEENNEENEECCCEECCNCCENNCCCNNNCCCCNCNNNNNNNNNCC
