[Driver]
Brand=Eminence
Model=Eminator 1508
Manufacturer=
ProvidedBy=Matt
Comment=
DateAdded=20150121
DateModified=20150121
Qts=0.589751051716327
Znom=10
Fs=82.2970618746769
Pe=125
SPL=92.3854535733952
Re=6.7
Le=0.00068
fLe=0
KLe=0
BL=8.95
Xmax=0.0032
Cms=0.00022
Qms=2.98
Qes=0.735261544776164
Rms=2.94982910399843
Mms=0.017
Sd=0.02141
Vas=0.01430542166361
Dia=0
Vd=6.8512E-5
no=0.0105462560577801
Dd=0.165106204161987
EBP=111.928962502358
numVC=1
Hc=0
Hg=0
SPLmax=110.354553703476
SPLmaxLF=77.2798134922929
USPL=93.1604342568728
alfaVC=0
Rt=0
Ct=0
gamma=526.470588235294
Rme=11.9555970149254
Mpow=3.45768665655599
Mcost=0
Gloss=0.0114615221875
VCCon=1
c=343.68275625794
roo=1.20096171470853
Thick=0
Depth=0
MagDepth=0
Magnet=0
Basket=0
Outer=0
Vcd=0
DVol=0
ParState=CCECEENNEEEEECCCEECCNCCENNCCCNNNCCCCNCNNNNNNNNNCC
