[Driver]
Brand=Eminence
Model=Kappa Pro-15LFC
Manufacturer=
ProvidedBy=Matt
Comment=
DateAdded=20140509
DateModified=20140509
Qts=0.319723196195112
Znom=6
Fs=37.7021643096983
Pe=600
SPL=96.8591507128602
Re=3.34
Le=0.00094
fLe=0
KLe=0
BL=15.4
Xmax=0.0079
Cms=0.00018
Qms=10
Qes=0.330283113463701
Rms=2.34520787991171
Mms=0.099
Sd=0.08563
Vas=0.18722724259491
Dia=0
Vd=0.000676477
no=0.029543913664842
Dd=0.330193128662109
EBP=114.151050334706
numVC=1
Hc=0
Hg=0
SPLmax=121.640663216697
SPLmaxLF=97.1695412862505
USPL=100.65741475523
alfaVC=0
Rt=0
Ct=0
gamma=155.555555555556
Rme=71.0059880239521
Mpow=8.42650508953458
Mcost=0
Gloss=0.022120823164557
VCCon=1
c=343.68275625794
roo=1.20096171470853
Thick=0
Depth=0
MagDepth=0
Magnet=0
Basket=0
Outer=0
Vcd=0
DVol=0
ParState=CCECEENNEEEEECCCEECCNCCENNCCCNNNCCCCNCNNNNNNNNNCC
