[Driver]
Brand=Eminence
Model=Lab12
Manufacturer=
ProvidedBy=Matt
Comment=
DateAdded=20121114
DateModified=20121114
Qts=0.378357505463035
Znom=6
Fs=22.2643326209533
Pe=400
SPL=87.6150269438077
Re=4.29
Le=0.00148
fLe=0
KLe=0
BL=15
Xmax=0.013
Cms=0.00035
Qms=13.32
Qes=0.389419038185843
Rms=1.53333899619575
Mms=0.146
Sd=0.05069
Vas=0.127572561257925
Dia=0
Vd=0.00065897
no=0.00351605490848195
Dd=0.254048248414795
EBP=57.1732001719137
numVC=1
Hc=0
Hg=0
SPLmax=110.635626857087
SPLmaxLF=96.9417934506108
USPL=90.3261827324462
alfaVC=0
Rt=0
Ct=0
gamma=102.739726027397
Rme=52.4475524475524
Mpow=7.24206824377901
Mcost=0
Gloss=0.0385476780769231
VCCon=1
c=343.68275625794
roo=1.20096171470853
Thick=0
Depth=0
MagDepth=0
Magnet=0
Basket=0
Outer=0
Vcd=0
DVol=0
ParState=CCECEENNEENEECCCEECCNCCENNCCCNNNCCCCNCNNNNNNNNNCC
