[Driver]
Brand=Eminence 
Model=Delta Pro 12-450-4
Manufacturer=
ProvidedBy=Matt
Comment=
DateAdded=20150927
DateModified=20150927
Qts=0.389313338303069
Znom=6
Fs=44.8368257717301
Pe=450
SPL=96.9457785906525
Re=3.65
Le=0
fLe=0
KLe=0
BL=9.51
Xmax=0.0052
Cms=0.00035
Qms=7.97
Qes=0.409306893259837
Rms=1.27250326935285
Mms=0.036
Sd=0.05324
Vas=0.1407306799668
Dia=0
Vd=0.000276848
no=0.0301391370467361
Dd=0.260359891998941
EBP=109.543295043572
numVC=1
Hc=0
Hg=0
SPLmax=120.477903728406
SPLmaxLF=89.4093083887548
USPL=100.358578656574
alfaVC=0
Rt=0
Ct=0
gamma=264.166666666667
Rme=24.7781095890411
Mpow=4.97776150383293
Mcost=0
Gloss=0.0237622673076923
VCCon=1
c=343.68275625794
roo=1.20096171470853
Thick=0
Depth=0
MagDepth=0
Magnet=0
Basket=0
Outer=0
Vcd=0
DVol=0
ParState=CCECENNNEENEECCCEECCNCCENNCCCNNNCCCCNCNNNNNNNNNCC
