[Driver]
Brand=Eminence
Model=Delta-15A
Manufacturer=
ProvidedBy=Matt
Comment=
DateAdded=20120512
DateModified=20120512
Qts=0.522129371369491
Znom=10
Fs=39.6403620960785
Pe=400
SPL=96.9129299393308
Re=6.3
Le=0.00064
fLe=0
KLe=0
BL=13.2
Xmax=0.0027
Cms=0.00026
Qms=8.05
Qes=0.558344005479947
Rms=1.91828570471904
Mms=0.062
Sd=0.08646
Vas=0.27570742267068
Dia=0
Vd=0.000233442
no=0.0299120341634913
Dd=0.331789528222037
EBP=70.9963064114998
numVC=1
Hc=0
Hg=0
SPLmax=119.93352985261
SPLmaxLF=87.9280604871384
USPL=97.9552531552807
alfaVC=0
Rt=0
Ct=0
gamma=212.903225806452
Rme=27.6571428571429
Mpow=5.25900588107133
Mcost=0
Gloss=0.0585493325925926
VCCon=1
c=343.68275625794
roo=1.20096171470853
Thick=0
Depth=0
MagDepth=0
Magnet=0
Basket=0
Outer=0
Vcd=0
DVol=0
ParState=CCECEENNEEEEECCCEECCNCCENNCCCNNNCCCCNCNNNNNNNNNCC
