[Driver]
Brand=Eminence
Model=Alpha-6A
Manufacturer=
ProvidedBy=Matt
Comment=
DateAdded=20121220
DateModified=20121220
Qts=0.529334144740989
Znom=10
Fs=117.973492810104
Pe=100
SPL=94.2484322486719
Re=7.2
Le=0.00019
fLe=0
KLe=0
BL=8
Xmax=0.0035
Cms=0.00026
Qms=5.68
Qes=0.583733836870617
Rms=0.913511481800653
Mms=0.007
Sd=0.01267
Vas=0.00592067504847
Dia=0
Vd=4.4345E-5
no=0.0161955678212514
Dd=0.127011594084141
EBP=202.101515037327
numVC=1
Hc=0
Hg=0
SPLmax=111.248432248672
SPLmaxLF=73.5013737646804
USPL=94.710835994845
alfaVC=0
Rt=0
Ct=0
gamma=1142.85714285714
Rme=8.88888888888889
Mpow=2.98142396999972
Mcost=0
Gloss=0.005099458
VCCon=1
c=343.68275625794
roo=1.20096171470853
Thick=0
Depth=0
MagDepth=0
Magnet=0
Basket=0
Outer=0
Vcd=0
DVol=0
ParState=CCECEENNEEEEECCCEECCNCCENNCCCNNNCCCCNCNNNNNNNNNCC
