[Driver]
Brand=Eminence
Model=Alpha-6C 4ohm
Manufacturer=
ProvidedBy=Matt
Comment=
DateAdded=20120724
DateModified=20120724
Qts=0.450523472837087
Znom=4
Fs=106.53027215149
Pe=100
SPL=93.5810097226225
Re=3.2
Le=0.00028
fLe=0
KLe=0
BL=6.4
Xmax=0.0035
Cms=0.00024
Qms=6.12
Qes=0.486324203046435
Rms=1.0171486599664
Mms=0.0093
Sd=0.01299
Vas=0.00574479045251997
Dia=0
Vd=4.5465E-5
no=0.013888454696198
Dd=0.128605527432182
EBP=219.051964685619
numVC=1
Hc=0
Hg=0
SPLmax=110.581009722622
SPLmaxLF=73.7180244884721
USPL=97.5652386499092
alfaVC=0
Rt=0
Ct=0
gamma=688.172043010753
Rme=12.8
Mpow=3.57770876399966
Mcost=0
Gloss=0.0062538408
VCCon=1
c=343.68275625794
roo=1.20096171470853
Thick=0
Depth=0
MagDepth=0
Magnet=0
Basket=0
Outer=0
Vcd=0
DVol=0
ParState=CCECEENNEEEEECCCEECCNCCENNCCCNNNCCCCNCNNNNNNNNNCC
