[Driver]
Brand=Eminence
Model=Legend CB15
Manufacturer=
ProvidedBy=Matt
Comment=
DateAdded=20120917
DateModified=20120917
Qts=0.340182411157347
Znom=10
Fs=34.1656954037708
Pe=300
SPL=97.5505925512768
Re=6.15
Le=0.00033
fLe=0
KLe=0
BL=16
Xmax=0.0048
Cms=0.00031
Qms=5.9
Qes=0.360996776199297
Rms=2.54692502982004
Mms=0.07
Sd=0.08563
Vas=0.322446917802343
Dia=0
Vd=0.000411024
no=0.0346427380044715
Dd=0.330193128662109
EBP=94.642660700407
numVC=1
Hc=0
Hg=0
SPLmax=119.321805098473
SPLmaxLF=92.8418242079534
USPL=98.6975701040084
alfaVC=0
Rt=0
Ct=0
gamma=228.571428571429
Rme=41.6260162601626
Mpow=6.45182270836409
Mcost=0
Gloss=0.0443342302083333
VCCon=1
c=343.68275625794
roo=1.20096171470853
Thick=0
Depth=0
MagDepth=0
Magnet=0
Basket=0
Outer=0
Vcd=0
DVol=0
ParState=CCECEENNEENEECCCEECCNCCENNCCCNNNCCCCNCNNNNNNNNNCC
