[Driver]
Brand=Eminence
Model=Delta-Pro 15A
Manufacturer=
ProvidedBy=Matt
Comment=
DateAdded=20131015
DateModified=20131015
Qts=0.396662190512466
Znom=8
Fs=41.5958107181747
Pe=0
SPL=98.2133071182233
Re=5.71
Le=0.00083
fLe=0
KLe=0
BL=14.5
Xmax=0
Cms=0.00024
Qms=4.73
Qes=0.432971589940699
Rms=3.37052968106219
Mms=0.061
Sd=0.08563
Vas=0.24963632345988
Dia=0
Vd=0
no=0.0403537283439904
Dd=0.330193128662109
EBP=96.0705313802963
numVC=1
Hc=0
Hg=0
SPLmax=0
SPLmaxLF=0
USPL=99.6826747462506
alfaVC=0
Rt=0
Ct=0
gamma=237.704918032787
Rme=36.8213660245184
Mpow=6.06806114212096
Mcost=0
Gloss=0
VCCon=1
c=343.68275625794
roo=1.20096171470853
Thick=0
Depth=0
MagDepth=0
Magnet=0
Basket=0
Outer=0
Vcd=0
DVol=0
ParState=CCNCEENNENNEECCCEENCNCCENNNNCNNNCCCCNNNNNNNNNNNCC
