[Driver]
Brand=Eminence
Model=Delta-12LFC
Manufacturer=
ProvidedBy=Matt
Comment=
DateAdded=20130117
DateModified=20130117
Qts=0.449526716027017
Znom=4
Fs=53.0221990979173
Pe=500
SPL=95.1296097972235
Re=3.2
Le=0.00094
fLe=0
KLe=0
BL=10.9
Xmax=0.0048
Cms=0.00017
Qms=8.21
Qes=0.475565626416588
Rms=2.15065286520078
Mms=0.053
Sd=0.05195
Vas=0.065082566868375
Dia=0
Vd=0.00024936
no=0.0198387330664958
Dd=0.257186302802058
EBP=111.492917386486
numVC=1
Hc=0
Hg=0
SPLmax=119.119309840584
SPLmaxLF=88.5010163653817
USPL=99.1138387245103
alfaVC=0
Rt=0
Ct=0
gamma=205.660377358491
Rme=37.128125
Mpow=6.09328523868693
Mcost=0
Gloss=0.0184078992708333
VCCon=1
c=343.68275625794
roo=1.20096171470853
Thick=0
Depth=0
MagDepth=0
Magnet=0
Basket=0
Outer=0
Vcd=0
DVol=0
ParState=CCECEENNEEEEECCCEECCNCCENNCCCNNNCCCCNCNNNNNNNNNCC
