[Driver]
Brand=Eminence
Model=3015LF-4
Manufacturer=
ProvidedBy=Matt
Comment=
DateAdded=20160714
DateModified=20160714
Qts=0.460037450532258
Znom=6
Fs=46.6091149649967
Pe=550
SPL=96.0927623074686
Re=3.85
Le=0.00065
fLe=0
KLe=0
BL=15.75
Xmax=0.01065
Cms=0.00011
Qms=10.19
Qes=0.481788249141838
Rms=3.04636828958228
Mms=0.106
Sd=0.08812
Vas=0.12116754543432
Dia=0
Vd=0.000938478
no=0.0247644783921619
Dd=0.33495950304785
EBP=96.7419090191945
numVC=1
Hc=0
Hg=0
SPLmax=120.496389202411
SPLmaxLF=100.012962505076
USPL=99.2738837228694
alfaVC=0
Rt=0
Ct=0
gamma=148.584905660377
Rme=64.4318181818182
Mpow=8.0269432651426
Mcost=0
Gloss=0.0107366703286385
VCCon=1
c=343.68275625794
roo=1.20096171470853
Thick=0
Depth=0
MagDepth=0
Magnet=0
Basket=0
Outer=0
Vcd=0
DVol=0
ParState=CCECEENNEEEEECCCEECCNCCENNCCCNNNCCCCNCNNNNNNNNNCC
