[Driver]
Brand=Eminence
Model=3010MB
Manufacturer=
ProvidedBy=Matt
Comment=
DateAdded=20130209
DateModified=20130209
Qts=0.200924683028222
Znom=8
Fs=50.4666686390056
Pe=400
SPL=97.2254856178448
Re=5.01
Le=0.00068
fLe=0
KLe=0
BL=16.51
Xmax=0.005
Cms=0.00028
Qms=6.83
Qes=0.207014631674096
Rms=1.64906114573746
Mms=0.03552
Sd=0.03661
Vas=0.05323559803674
Dia=0
Vd=0.00018305
no=0.0321441181725732
Dd=0.215901134162733
EBP=243.783099923369
numVC=1
Hc=0
Hg=0
SPLmax=120.246085531124
SPLmaxLF=85.815875244357
USPL=99.2628370696581
alfaVC=0
Rt=0
Ct=0
gamma=464.808558558559
Rme=54.4072055888224
Mpow=7.3761240220608
Mcost=0
Gloss=0.019506603648
VCCon=1
c=343.68275625794
roo=1.20096171470853
Thick=0
Depth=0
MagDepth=0
Magnet=0
Basket=0
Outer=0
Vcd=0
DVol=0
ParState=CCECEENNEEEEECCCEECCNCCENNCCCNNNCCCCNCNNNNNNNNNCC
