[Driver]
Brand=Eminence
Model=Delta-10A
Manufacturer=
ProvidedBy=Matt
Comment=
DateAdded=20120828
DateModified=20120828
Qts=0.330850624671885
Znom=8
Fs=66.3145596216231
Pe=350
SPL=96.0845072732328
Re=5.42
Le=0.00074
fLe=0
KLe=0
BL=14.4
Xmax=0.0035
Cms=0.00018
Qms=6.53
Qes=0.348508230452675
Rms=2.04185809086268
Mms=0.032
Sd=0.03449
Vas=0.03037410863739
Dia=0
Vd=0.000120715
no=0.0247174509816067
Dd=0.20955675101966
EBP=190.281186574812
numVC=1
Hc=0
Hg=0
SPLmax=118.525187716736
SPLmaxLF=82.1997053543594
USPL=97.7802431183347
alfaVC=0
Rt=0
Ct=0
gamma=450
Rme=38.2583025830258
Mpow=6.18532962606083
Mcost=0
Gloss=0.016138944
VCCon=1
c=343.68275625794
roo=1.20096171470853
Thick=0
Depth=0
MagDepth=0
Magnet=0
Basket=0
Outer=0
Vcd=0
DVol=0
ParState=CCECEENNEEEEECCCEECCNCCENNCCCNNNCCCCNCNNNNNNNNNCC
