[Driver]
Brand=Eminence
Model=Delta-12B
Manufacturer=
ProvidedBy=Matt
Comment=
DateAdded=20151014
DateModified=20151014
Qts=0.488792625505139
Znom=18
Fs=58.665290352976
Pe=400
SPL=97.3284485869815
Re=11.4
Le=0.00077
fLe=0
KLe=0
BL=16
Xmax=0.0027
Cms=0.00023
Qms=7.04
Qes=0.525261968801821
Rms=1.67547677448747
Mms=0.032
Sd=0.05195
Vas=0.0880528845866245
Dia=0
Vd=0.000140265
no=0.0329152996358843
Dd=0.257186302802058
EBP=111.687679362734
numVC=1
Hc=0
Hg=0
SPLmax=120.349048500261
SPLmaxLF=83.5034669010497
USPL=95.7951287841026
alfaVC=0
Rt=0
Ct=0
gamma=500
Rme=22.4561403508772
Mpow=4.73879102207274
Mcost=0
Gloss=0.0267322014814815
VCCon=1
c=343.68275625794
roo=1.20096171470853
Thick=0
Depth=0
MagDepth=0
Magnet=0
Basket=0
Outer=0
Vcd=0
DVol=0
ParState=CCECEENNEENEECCCEECCNCCENNCCCNNNCCCCNCNNNNNNNNNCC
