[Driver]
Brand=Eminence
Model=Sigma Pro 18A-2
Manufacturer=
ProvidedBy=Matt
Comment=
DateAdded=20140131
DateModified=20140131
Qts=0.289260279409345
Znom=10
Fs=28.4933055062514
Pe=650
SPL=97.3669549756042
Re=6.29
Le=0.0019
fLe=0
KLe=0
BL=22.1
Xmax=0.0061
Cms=0.00024
Qms=8.28
Qes=0.299731338681663
Rms=2.8108373679084
Mms=0.13
Sd=0.114
Vas=0.4424514192
Dia=0
Vd=0.0006954
no=0.0332084382519782
Dd=0.380984655989987
EBP=95.0628173602942
numVC=1
Hc=0
Hg=0
SPLmax=122.496088542033
SPLmaxLF=97.4091743069508
USPL=98.4161772316373
alfaVC=0
Rt=0
Ct=0
gamma=170
Rme=77.6486486486487
Mpow=8.81184706225935
Mcost=0
Gloss=0.0501586032786885
VCCon=1
c=343.68275625794
roo=1.20096171470853
Thick=0
Depth=0
MagDepth=0
Magnet=0
Basket=0
Outer=0
Vcd=0
DVol=0
ParState=CCECEENNEEEEECCCEECCNCCENNCCCNNNCCCCNCNNNNNNNNNCC
