[Driver]
Brand=Eminence
Model=Alpha-8A
Manufacturer=
ProvidedBy=Matt
Comment=
DateAdded=20150111
DateModified=20150111
Qts=0.591501681200422
Znom=8
Fs=72.9485485634755
Pe=125
SPL=92.0409268006766
Re=5.3
Le=0.00044
fLe=0
KLe=0
BL=7.8
Xmax=0.0032
Cms=0.00028
Qms=4.6
Qes=0.678784800971744
Rms=1.69389939668256
Mms=0.017
Sd=0.021
Vas=0.0175162554
Dia=0
Vd=6.72E-5
no=0.00974194412408716
Dd=0.163517676229325
EBP=107.469331162163
numVC=1
Hc=0
Hg=0
SPLmax=110.010026930757
SPLmaxLF=77.1118660410825
USPL=93.8338968151545
alfaVC=0
Rt=0
Ct=0
gamma=458.823529411765
Rme=11.4792452830189
Mpow=3.38810349355194
Mcost=0
Gloss=0.014587391875
VCCon=1
c=343.68275625794
roo=1.20096171470853
Thick=0
Depth=0
MagDepth=0
Magnet=0
Basket=0
Outer=0
Vcd=0
DVol=0
ParState=CCECEENNEEEEECCCEECCNCCENNCCCNNNCCCCNCNNNNNNNNNCC
