[Driver]
Brand=Eminence
Model=Delta-12LFA
Manufacturer=
ProvidedBy=Matt
Comment=
DateAdded=20120814
DateModified=20120814
Qts=0.467335033449626
Znom=10
Fs=51.1279339055209
Pe=500
SPL=94.7096565510614
Re=6.06
Le=0.00145
fLe=0
KLe=0
BL=14.1
Xmax=0.0048
Cms=0.00019
Qms=7.28
Qes=0.499393271240813
Rms=2.25048907117892
Mms=0.051
Sd=0.05067
Vas=0.069199038104805
Dia=0
Vd=0.000243216
no=0.018010203057729
Dd=0.253998125449246
EBP=102.3801017152
numVC=1
Hc=0
Hg=0
SPLmax=118.699356594422
SPLmaxLF=88.2843234133312
USPL=95.9206590198844
alfaVC=0
Rt=0
Ct=0
gamma=276.470588235294
Rme=32.8069306930693
Mpow=5.72773346910183
Mcost=0
Gloss=0.0197971746875
VCCon=1
c=343.68275625794
roo=1.20096171470853
Thick=0
Depth=0
MagDepth=0
Magnet=0
Basket=0
Outer=0
Vcd=0
DVol=0
ParState=CCECEENNEENEECCCEECCNCCENNCCCNNNCCCCNCNNNNNNNNNCC
