[Driver]
Brand=Eminence
Model=LA8-CNMB
Manufacturer=
ProvidedBy=Matt
Comment=
DateAdded=20150505
DateModified=20150505
Qts=0.37332066641688
Znom=8
Fs=81.2184167951746
Pe=225
SPL=93.741843575805
Re=5.6
Le=0.00062
fLe=0
KLe=0
BL=13
Xmax=0.0045
Cms=0.00016
Qms=4.66
Qes=0.405832620106089
Rms=2.62820787852272
Mms=0.024
Sd=0.02224
Vas=0.01122623674368
Dia=0
Vd=0.00010008
no=0.0144124333464805
Dd=0.168276104883938
EBP=200.127867429541
numVC=1
Hc=0
Hg=0
SPLmax=114.263668756919
SPLmaxLF=80.5714265137133
USPL=95.2956920162288
alfaVC=0
Rt=0
Ct=0
gamma=541.666666666667
Rme=30.1785714285714
Mpow=5.49350265573536
Mcost=0
Gloss=0.00836834133333333
VCCon=1
c=343.68275625794
roo=1.20096171470853
Thick=0
Depth=0
MagDepth=0
Magnet=0
Basket=0
Outer=0
Vcd=0
DVol=0
ParState=CCECEENNEENEECCCEECCNCCENNCCCNNNCCCCNCNNNNNNNNNCC
