[Driver]
Brand=Eminence
Model=Lab 12C
Manufacturer=
ProvidedBy=Matt
Comment=
DateAdded=20130313
DateModified=20130313
Qts=0.328699010436031
Znom=4
Fs=22.7767104258532
Pe=500
SPL=88.6428140990184
Re=3.11
Le=0.00109
fLe=0
KLe=0
BL=13.36
Xmax=0.013
Cms=0.00036
Qms=11.7
Qes=0.338200389351318
Rms=1.65897854220356
Mms=0.13563
Sd=0.05067
Vas=0.13111396693542
Dia=0
Vd=0.00065871
no=0.00445486311670814
Dd=0.253998125449246
EBP=67.3467894863749
numVC=1
Hc=0
Hg=0
SPLmax=112.632514142379
SPLmaxLF=96.9383657119562
USPL=92.7509389192359
alfaVC=0
Rt=0
Ct=0
gamma=98.5032809850328
Rme=57.392154340836
Mpow=7.5757609743732
Mcost=0
Gloss=0.0368328721707692
VCCon=1
c=343.68275625794
roo=1.20096171470853
Thick=0
Depth=0
MagDepth=0
Magnet=0
Basket=0
Outer=0
Vcd=0
DVol=0
ParState=CCECEENNEENEECCCEECCNCCENNCCCNNNCCCCNCNNNNNNNNNCC
