[Driver]
Brand=Eminence
Model=Legend BP102-4
Manufacturer=
ProvidedBy=Matt
Comment=
DateAdded=20130907
DateModified=20130907
Qts=0.378326221621541
Znom=4
Fs=34.4898659782539
Pe=0
SPL=92.4934451903483
Re=2.7
Le=0.00068
fLe=0
KLe=0
BL=7.1
Xmax=0
Cms=0.00063
Qms=10.61
Qes=0.392315206519486
Rms=0.690355344735829
Mms=0.0338
Sd=0.03449
Vas=0.106309380230865
Dia=0
Vd=0
no=0.0108117868026647
Dd=0.20955675101966
EBP=87.9136607633404
numVC=1
Hc=0
Hg=0
SPLmax=0
SPLmaxLF=0
USPL=97.2155362592443
alfaVC=0
Rt=0
Ct=0
gamma=210.059171597633
Rme=18.6703703703704
Mpow=4.32092239809631
Mcost=0
Gloss=0
VCCon=1
c=343.68275625794
roo=1.20096171470853
Thick=0
Depth=0
MagDepth=0
Magnet=0
Basket=0
Outer=0
Vcd=0
DVol=0
ParState=CCNCEENNENNEECCCEENCNCCENNNNCNNNCCCCNNNNNNNNNNNCC
