[Driver]
Brand=Eminence
Model=CA15-4
Manufacturer=
ProvidedBy=Matt
Comment=
DateAdded=20130117
DateModified=20130117
Qts=0.494285484149024
Znom=4
Fs=51.5959645069095
Pe=300
SPL=96.2619299105529
Re=2.92
Le=0.0008
fLe=0
KLe=0
BL=12.21
Xmax=0.005
Cms=0.00011
Qms=4.94
Qes=0.549241361088339
Rms=5.67655385174353
Mms=0.0865
Sd=0.08237
Vas=0.105870622148445
Dia=0
Vd=0.00041185
no=0.0257481449471473
Dd=0.32384678676781
EBP=93.9404206643695
numVC=1
Hc=0
Hg=0
SPLmax=118.033142457749
SPLmaxLF=92.8592619864001
USPL=100.643830106554
alfaVC=0
Rt=0
Ct=0
gamma=141.156069364162
Rme=51.056198630137
Mpow=7.14536203632377
Mcost=0
Gloss=0.01866205495
VCCon=1
c=343.68275625794
roo=1.20096171470853
Thick=0
Depth=0
MagDepth=0
Magnet=0
Basket=0
Outer=0
Vcd=0
DVol=0
ParState=CCECEENNEEEEECCCEECCNCCENNCCCNNNCCCCNCNNNNNNNNNCC
