[Driver]
Brand=Eminence
Model=Impero 15A
Manufacturer=
ProvidedBy=Matt
Comment=
DateAdded=20121020
DateModified=20121020
Qts=0.384970032266422
Znom=8
Fs=42.4152360940549
Pe=1200
SPL=96.52651504494
Re=5.42
Le=0.00147
fLe=0
KLe=0
BL=19.18
Xmax=0.0073
Cms=0.00014
Qms=15.33
Qes=0.394886501223874
Rms=1.74834868962565
Mms=0.10057
Sd=0.08563
Vas=0.14562118868493
Dia=0
Vd=0.000625099
no=0.0273655674918976
Dd=0.330193128662109
EBP=107.411207935944
numVC=1
Hc=0
Hg=0
SPLmax=124.318327505416
SPLmaxLF=96.4834566628508
USPL=98.2222508900419
alfaVC=0
Rt=0
Ct=0
gamma=190.712936263299
Rme=67.8731365313653
Mpow=8.23851543248936
Mcost=0
Gloss=0.0189144754342466
VCCon=1
c=343.68275625794
roo=1.20096171470853
Thick=0
Depth=0
MagDepth=0
Magnet=0
Basket=0
Outer=0
Vcd=0
DVol=0
ParState=CCECEENNEEEEECCCEECCNCCENNCCCNNNCCCCNCNNNNNNNNNCC
