[Driver]
Brand=Eminence
Model=Beta-10a
Manufacturer=
ProvidedBy=Matt
Comment=
DateAdded=20130617
DateModified=20130617
Qts=0.488713347699692
Znom=8
Fs=53.0516476972984
Pe=250
SPL=94.4501959035641
Re=5.75
Le=0.00067
fLe=0
KLe=0
BL=9.6
Xmax=0.003
Cms=0.00036
Qms=8.14
Qes=0.519929108796296
Rms=1.02375102375102
Mms=0.025
Sd=0.03449
Vas=0.06074821727478
Dia=0
Vd=0.00010347
no=0.0169657297430255
Dd=0.20955675101966
EBP=102.036309950254
numVC=1
Hc=0
Hg=0
SPLmax=115.429595990284
SPLmaxLF=80.8607695617471
USPL=95.8892461671536
alfaVC=0
Rt=0
Ct=0
gamma=384
Rme=16.0278260869565
Mpow=4.00347674989584
Mcost=0
Gloss=0.02941995
VCCon=1
c=343.68275625794
roo=1.20096171470853
Thick=0
Depth=0
MagDepth=0
Magnet=0
Basket=0
Outer=0
Vcd=0
DVol=0
ParState=CCECEENNEEEEECCCEECCNCCENNCCCNNNCCCCNCNNNNNNNNNCC
