[Driver]
Brand=Eminence
Model=Sigma Pro 18-4
Manufacturer=
ProvidedBy=Matt
Comment=
DateAdded=20161122
DateModified=20161122
Qts=0.29518613367538
Znom=6
Fs=32.352842882599
Pe=700
SPL=98.2090376301245
Re=3.35
Le=0.00085
fLe=0
KLe=0
BL=16.54
Xmax=0.007
Cms=0.0002
Qms=14.79
Qes=0.301197583999462
Rms=1.66306610902621
Mms=0.121
Sd=0.114
Vas=0.368709516
Dia=0
Vd=0.000798
no=0.0403140766537198
Dd=0.380984655989987
EBP=107.41401857545
numVC=1
Hc=0
Hg=0
SPLmax=123.660018030267
SPLmaxLF=98.6045384070206
USPL=101.994318270242
alfaVC=0
Rt=0
Ct=0
gamma=136.694214876033
Rme=81.6631641791045
Mpow=9.03676735227285
Mcost=0
Gloss=0.03390299
VCCon=1
c=343.68275625794
roo=1.20096171470853
Thick=0
Depth=0
MagDepth=0
Magnet=0
Basket=0
Outer=0
Vcd=0
DVol=0
ParState=CCECEENNEENEECCCEECCNCCENNCCCNNNCCCCNCNNNNNNNNNCC
