[Driver]
Brand=Eminence
Model=2510
Manufacturer=
ProvidedBy=Matt
Comment=
DateAdded=20121023
DateModified=20121023
Qts=0.424078227848889
Znom=8
Fs=52.1889617861949
Pe=250
SPL=94.1276064512746
Re=5.06
Le=0.0004
fLe=0
KLe=0
BL=10.6
Xmax=0.0042
Cms=0.0003
Qms=5.76
Qes=0.457782309545527
Rms=1.76480910671029
Mms=0.031
Sd=0.03501
Vas=0.05216150630565
Dia=0
Vd=0.000147042
no=0.0157511983096687
Dd=0.211130567330214
EBP=114.003885029997
numVC=1
Hc=0
Hg=0
SPLmax=115.107006537995
SPLmaxLF=83.9133086032647
USPL=96.1218299933624
alfaVC=0
Rt=0
Ct=0
gamma=341.935483870968
Rme=22.2055335968379
Mpow=4.7122747794285
Mcost=0
Gloss=0.021714725
VCCon=1
c=343.68275625794
roo=1.20096171470853
Thick=0
Depth=0
MagDepth=0
Magnet=0
Basket=0
Outer=0
Vcd=0
DVol=0
ParState=CCECEENNEEEEECCCEECCNCCENNCCCNNNCCCCNCNNNNNNNNNCC
