[Driver]
Brand=Exodus
Model=Anarchy
Manufacturer=
ProvidedBy=Matt
Comment=
DateAdded=20131120
DateModified=20131120
Qts=0.44636496350365
Znom=10
Fs=45.8
Pe=125
SPL=84.8741213886314
Re=6.4
Le=0
fLe=0
KLe=0
BL=10.8337452957219
Xmax=0.0125
Cms=0.000394762734153891
Qms=6.37
Qes=0.48
Rms=1.38190781553269
Mms=0.030589554989949
Sd=0.0131
Vas=0.00961
Dia=0
Vd=0.00016375
no=0.00187053178825124
Dd=0.129148898702353
EBP=95.4166666666667
numVC=1
Hc=0
Hg=0
SPLmax=102.843221518712
SPLmaxLF=84.8481067532824
USPL=85.8480503592783
alfaVC=0
Rt=0
Ct=0
gamma=354.164854613989
Rme=18.3390683019651
Mpow=4.28241384057695
Mcost=0
Gloss=0.00947370745758216
VCCon=1
c=343.68275625794
roo=1.20096171470853
Thick=0
Depth=0
MagDepth=0
Magnet=0
Basket=0
Outer=0
Vcd=0
DVol=0
ParState=CEECENNNCENCEECCCECENCCENNCCCNNNCCCCNCNNNNNNNNNCC
