[Driver]
Brand=Faital Pro
Model=4FE35
Manufacturer=
ProvidedBy=Matt
Comment=
DateAdded=20130810
DateModified=20130810
Qts=0.837683898188494
Znom=10
Fs=100
Pe=60
SPL=85.1088311645569
Re=6.5
Le=0.0001
fLe=0
KLe=0
BL=3.9
Xmax=0.00273
Cms=0.00065
Qms=4.2
Qes=1.04638358377315
Rms=0.582985139530752
Mms=0.00389696860162838
Sd=0.0048
Vas=0.00212442048
Dia=0
Vd=1.3104E-5
no=0.0019744042204349
Dd=0.0781764019044672
EBP=95.5672485222015
numVC=1
Hc=0
Hg=0
SPLmax=99.8903436683933
SPLmaxLF=62.9125582683329
USPL=86.0154263086141
alfaVC=0
Rt=0
Ct=0
gamma=1000.77788627046
Rme=2.34
Mpow=1.52970585407784
Mcost=0
Gloss=0.00909909693741879
VCCon=1
c=343.68275625794
roo=1.20096171470853
Thick=0
Depth=0
MagDepth=0
Magnet=0
Basket=0
Outer=0
Vcd=0
DVol=0
ParState=CEECEENNEEEEECCCCECCNCCENNCCCNNNCCCCNCNNNNNNNNNCC
