[Driver]
Brand=Faital Pro
Model=15PR400
Manufacturer=
ProvidedBy=Matt
Comment=
DateAdded=20120923
DateModified=20120923
Qts=0.325896911429133
Znom=8
Fs=35.1961138132047
Pe=400
SPL=96.4921393497577
Re=5.1
Le=0.00075
fLe=0
KLe=0
BL=16.7
Xmax=0.00575
Cms=0.00024
Qms=6.02
Qes=0.344549330471604
Rms=3.12980792050113
Mms=0.0852
Sd=0.0805
Vas=0.2206214073
Dia=0
Vd=0.000462875
no=0.0271498159112763
Dd=0.320149626504828
EBP=102.151160082157
numVC=1
Hc=0
Hg=0
SPLmax=119.512739263037
SPLmaxLF=93.873755081156
USPL=98.4521662992641
alfaVC=0
Rt=0
Ct=0
gamma=196.009389671362
Rme=54.6843137254902
Mpow=7.3948842942598
Mcost=0
Gloss=0.0348741529043478
VCCon=1
c=343.68275625794
roo=1.20096171470853
Thick=0
Depth=0
MagDepth=0
Magnet=0
Basket=0
Outer=0
Vcd=0
DVol=0
ParState=CCECEENNEENEECCCEECCNCCENNCCCNNNCCCCNCNNNNNNNNNCC
