[Driver]
Brand=Faital Pro
Model=15HP1010
Manufacturer=
ProvidedBy=Matt
Comment=
DateAdded=20121009
DateModified=20121009
Qts=0.374547118810915
Znom=8
Fs=40.7167088186935
Pe=700
SPL=93.9628714993555
Re=5.3
Le=0.0018
fLe=0
KLe=0
BL=22
Xmax=0.00975
Cms=0.00011
Qms=10
Qes=0.389121554522268
Rms=3.55348740356185
Mms=0.1389
Sd=0.0759
Vas=0.0898919672805
Dia=0
Vd=0.000740025
no=0.0151649193213848
Dd=0.310867948565623
EBP=104.637505544205
numVC=1
Hc=0
Hg=0
SPLmax=119.413851899498
SPLmaxLF=97.9494084118864
USPL=95.7558415138334
alfaVC=0
Rt=0
Ct=0
gamma=158.387329013679
Rme=91.3207547169811
Mpow=9.55618934078753
Mcost=0
Gloss=0.0153677749076923
VCCon=1
c=343.68275625794
roo=1.20096171470853
Thick=0
Depth=0
MagDepth=0
Magnet=0
Basket=0
Outer=0
Vcd=0
DVol=0
ParState=CCECEENNEENEECCCEECCNCCENNCCCNNNCCCCNCNNNNNNNNNCC
