[Driver]
Brand=Faital Pro
Model=12PR310
Manufacturer=
ProvidedBy=Matt
Comment=
DateAdded=20120807
DateModified=20120807
Qts=0.405657532211194
Znom=8
Fs=54.7769009123273
Pe=300
SPL=95.812418547608
Re=5.4
Le=0.00061
fLe=0
KLe=0
BL=14.4
Xmax=0.00492
Cms=0.00018
Qms=11.6
Qes=0.420357639333446
Rms=1.39152873710382
Mms=0.0469
Sd=0.0489
Vas=0.061056917019
Dia=0
Vd=0.000240588
no=0.0232163963269817
Dd=0.249522371216589
EBP=130.310230591232
numVC=1
Hc=0
Hg=0
SPLmax=117.583631094805
SPLmaxLF=88.1899598178256
USPL=97.5242096598642
alfaVC=0
Rt=0
Ct=0
gamma=307.036247334755
Rme=38.4
Mpow=6.19677335393187
Mcost=0
Gloss=0.0168267762804878
VCCon=1
c=343.68275625794
roo=1.20096171470853
Thick=0
Depth=0
MagDepth=0
Magnet=0
Basket=0
Outer=0
Vcd=0
DVol=0
ParState=CCECEENNEENEECCCEECCNCCENNCCCNNNCCCCNCNNNNNNNNNCC
