[Driver]
Brand=Faital Pro
Model=12HP1060
Manufacturer=
ProvidedBy=Matt
Comment=
DateAdded=20121025
DateModified=20121025
Qts=0.285633720435853
Znom=8
Fs=45.1311378106689
Pe=1000
SPL=91.8599439613337
Re=5
Le=0.00138
fLe=0
KLe=0
BL=24.8
Xmax=0.01245
Cms=9.8E-5
Qms=12.1
Qes=0.292539433389001
Rms=2.97394137374498
Mms=0.1269
Sd=0.0469
Vas=0.0305785163019
Dia=0
Vd=0.000583905
no=0.00934431242108912
Dd=0.244366394269096
EBP=154.273689833316
numVC=1
Hc=0
Hg=0
SPLmax=118.859943961334
SPLmaxLF=95.8913244629428
USPL=93.9059726284593
alfaVC=0
Rt=0
Ct=0
gamma=195.429472025217
Rme=123.008
Mpow=11.090897168399
Mcost=0
Gloss=0.00979577997831325
VCCon=1
c=343.68275625794
roo=1.20096171470853
Thick=0
Depth=0
MagDepth=0
Magnet=0
Basket=0
Outer=0
Vcd=0
DVol=0
ParState=CCECEENNEEEEECCCEECCNCCENNCCCNNNCCCCNCNNNNNNNNNCC
