[Driver]
Brand=Faital Pro
Model=6HX150
Manufacturer=
ProvidedBy=Matt
Comment=
DateAdded=20131013
DateModified=20131013
Qts=0.307710510781836
Znom=8
Fs=95.1132706502103
Pe=150
SPL=93.142690334344
Re=5.5
Le=0.00064
fLe=0
KLe=0
BL=12
Xmax=0.00435
Cms=0.0002
Qms=8.3
Qes=0.319557649023432
Rms=1.00802412835431
Mms=0.014
Sd=0.013
Vas=0.004794699
Dia=0
Vd=5.655E-5
no=0.0125551523690586
Dd=0.128655019651614
EBP=297.640413054973
numVC=1
Hc=0
Hg=0
SPLmax=111.903602924901
SPLmaxLF=75.6131327652355
USPL=94.7747921498874
alfaVC=0
Rt=0
Ct=0
gamma=857.142857142857
Rme=26.1818181818182
Mpow=5.11681719253465
Mcost=0
Gloss=0.00631232643678161
VCCon=1
c=343.68275625794
roo=1.20096171470853
Thick=0
Depth=0
MagDepth=0
Magnet=0
Basket=0
Outer=0
Vcd=0
DVol=0
ParState=CCECEENNEEEEECCCEECCNCCENNCCCNNNCCCCNCNNNNNNNNNCC
