[Driver]
Brand=Faital Pro
Model=10FH520
Manufacturer=
ProvidedBy=Matt
Comment=
DateAdded=20140209
DateModified=20140209
Qts=0.290553178719284
Znom=8
Fs=59.9752575020519
Pe=600
SPL=93.7348752638276
Re=5.1
Le=0.0009
fLe=0
KLe=0
BL=18
Xmax=0.00725
Cms=0.00014
Qms=11.1
Qes=0.298363120435975
Rms=1.70764266068285
Mms=0.0503
Sd=0.0321
Vas=0.020463633477
Dia=0
Vd=0.000232725
no=0.0143893269501815
Dd=0.202165747311454
EBP=201.014312407025
numVC=1
Hc=0
Hg=0
SPLmax=118.516387767664
SPLmaxLF=87.9013413595233
USPL=95.6949022133341
alfaVC=0
Rt=0
Ct=0
gamma=357.852882703777
Rme=63.5294117647059
Mpow=7.97053396986086
Mcost=0
Gloss=0.00952530059310345
VCCon=1
c=343.68275625794
roo=1.20096171470853
Thick=0
Depth=0
MagDepth=0
Magnet=0
Basket=0
Outer=0
Vcd=0
DVol=0
ParState=CCECEENNEEEEECCCEECCNCCENNCCCNNNCCCCNCNNNNNNNNNCC
