[Driver]
Brand=Faital Pro
Model=8FE200
Manufacturer=
ProvidedBy=Matt
Comment=
DateAdded=20130907
DateModified=20130907
Qts=0.633972081056016
Znom=8
Fs=80.5912381675615
Pe=130
SPL=92.2729850708558
Re=5.9
Le=0.00044
fLe=0
KLe=0
BL=8.2
Xmax=0.00467
Cms=0.00026
Qms=13
Qes=0.666474077832425
Rms=0.584272711779038
Mms=0.015
Sd=0.0191
Vas=0.013455031863
Dia=0
Vd=8.9197E-5
no=0.0102766475308226
Dd=0.155945103496203
EBP=120.921789531063
numVC=1
Hc=0
Hg=0
SPLmax=110.412418593924
SPLmaxLF=79.5714855362828
USPL=93.6001936649202
alfaVC=0
Rt=0
Ct=0
gamma=546.666666666667
Rme=11.3966101694915
Mpow=3.37588657532973
Mcost=0
Gloss=0.00818970770877944
VCCon=1
c=343.68275625794
roo=1.20096171470853
Thick=0
Depth=0
MagDepth=0
Magnet=0
Basket=0
Outer=0
Vcd=0
DVol=0
ParState=CCECEENNEENEECCCEECCNCCENNCCCNNNCCCCNCNNNNNNNNNCC
