[Driver]
Brand=Faital Pro
Model=12FH510
Manufacturer=
ProvidedBy=Matt
Comment=
DateAdded=20131021
DateModified=20131021
Qts=0.243766333144024
Znom=8
Fs=45.5659276561189
Pe=500
SPL=96.1395007805046
Re=5.1
Le=0.0009
fLe=0
KLe=0
BL=18.9
Xmax=0.0075
Cms=0.0002
Qms=10.9
Qes=0.249342602117864
Rms=1.6022246969333
Mms=0.061
Sd=0.0489
Vas=0.06784101891
Dia=0
Vd=0.00036675
no=0.0250324312620417
Dd=0.249522371216589
EBP=182.744253365014
numVC=1
Hc=0
Hg=0
SPLmax=120.129200823865
SPLmaxLF=91.8518830303124
USPL=98.099527730011
alfaVC=0
Rt=0
Ct=0
gamma=309.83606557377
Rme=70.0411764705882
Mpow=8.3690606683539
Mcost=0
Gloss=0.0159521506666667
VCCon=1
c=343.68275625794
roo=1.20096171470853
Thick=0
Depth=0
MagDepth=0
Magnet=0
Basket=0
Outer=0
Vcd=0
DVol=0
ParState=CCECEENNEENEECCCEECCNCCENNCCCNNNCCCCNCNNNNNNNNNCC
