[Driver]
Brand=Faital Pro
Model=6FE200 4ohms
Manufacturer=
ProvidedBy=Matt
Comment=
DateAdded=20131015
DateModified=20131015
Qts=0.708961593172119
Znom=4
Fs=120
Pe=130
SPL=91.0377513676508
Re=3
Le=0.0002
fLe=0
KLe=0
BL=5.16589402296788
Xmax=0.00462
Cms=0.00018637135741173
Qms=6.23
Qes=0.8
Rms=1.14227762681799
Mms=0.00943840486839321
Sd=0.0118
Vas=0.00368118658802142
Dia=0
Vd=5.4516E-5
no=0.00773264532943127
Dd=0.122573352030019
EBP=150
numVC=1
Hc=0
Hg=0
SPLmax=109.177184890719
SPLmaxLF=75.294960237251
USPL=95.3022675309399
alfaVC=0
Rt=0
Ct=0
gamma=547.327021355815
Rme=8.89548701884507
Mpow=2.98253030476558
Mcost=0
Gloss=0.00373384659679433
VCCon=1
c=343.68275625794
roo=1.20096171470853
Thick=0
Depth=0
MagDepth=0
Magnet=0
Basket=0
Outer=0
Vcd=0
DVol=0
ParState=CEECEENNCENCEECCCECENCCENNCCCNNNCCCCNCNNNNNNNNNCC
