[Driver]
Brand=Faital Pro
Model=8PR200
Manufacturer=
ProvidedBy=Matt
Comment=
DateAdded=20120912
DateModified=20120912
Qts=0.365313050310738
Znom=8
Fs=57.6708913659967
Pe=200
SPL=90.8983843683004
Re=5.1
Le=0.00055
fLe=0
KLe=0
BL=11.5
Xmax=0.00815
Cms=0.00028
Qms=9.4
Qes=0.380084300877635
Rms=1.04852208575443
Mms=0.0272
Sd=0.0196
Vas=0.015258604704
Dia=0
Vd=0.00015974
no=0.0074884406318444
Dd=0.157973083393372
EBP=151.731842732866
numVC=1
Hc=0
Hg=0
SPLmax=110.90868432494
SPLmaxLF=84.6327541819351
USPL=92.8584113178068
alfaVC=0
Rt=0
Ct=0
gamma=422.794117647059
Rme=25.9313725490196
Mpow=5.09228559185555
Mcost=0
Gloss=0.00916410385276074
VCCon=1
c=343.68275625794
roo=1.20096171470853
Thick=0
Depth=0
MagDepth=0
Magnet=0
Basket=0
Outer=0
Vcd=0
DVol=0
ParState=CCECEENNEENEECCCEECCNCCENNCCCNNNCCCCNCNNNNNNNNNCC
