[Driver]
Brand=Faital Pro
Model=6PR110
Manufacturer=
ProvidedBy=Matt
Comment=
DateAdded=20120808
DateModified=20120808
Qts=0.525
Znom=8
Fs=106.339869368103
Pe=150
SPL=91.7932473595379
Re=6
Le=0.00022
fLe=0
KLe=0
BL=8.65061545414422
Xmax=0.00275
Cms=0.0002
Qms=4.2
Qes=0.6
Rms=1.7817416127495
Mms=0.0112
Sd=0.0129
Vas=0.00472121811
Dia=0
Vd=3.5475E-5
no=0.00920190383191842
Dd=0.128159237384917
EBP=177.233115613505
numVC=1
Hc=0
Hg=0
SPLmax=110.554159950095
SPLmaxLF=71.5629286625962
USPL=93.0474635661873
alfaVC=0
Rt=0
Ct=0
gamma=772.376379834305
Rme=12.4721912892465
Mpow=3.53159897061465
Mcost=0
Gloss=0.00798796218181818
VCCon=1
c=343.68275625794
roo=1.20096171470853
Thick=0
Depth=0
MagDepth=0
Magnet=0
Basket=0
Outer=0
Vcd=0
DVol=0
ParState=CCECEENNCENEEECCEECCNCCENNCCCNNNCCCCNCNNNNNNNNNCC
