[Driver]
Brand=Faital Pro
Model=12HP1010
Manufacturer=
ProvidedBy=Matt
Comment=
DateAdded=20121025
DateModified=20121025
Qts=0.337554639220151
Znom=8
Fs=45.5509953510625
Pe=700
SPL=93.2353667172028
Re=5.5
Le=0.00133
fLe=0
KLe=0
BL=19.8
Xmax=0.00925
Cms=0.00014
Qms=9.4
Qes=0.350127750551907
Rms=2.65501128290851
Mms=0.0872
Sd=0.0496
Vas=0.048858039552
Dia=0
Vd=0.0004588
no=0.0128259524630752
Dd=0.251301972572569
EBP=130.09821494943
numVC=1
Hc=0
Hg=0
SPLmax=118.686347117345
SPLmaxLF=93.7969487645906
USPL=94.8674685327461
alfaVC=0
Rt=0
Ct=0
gamma=227.064220183486
Rme=71.28
Mpow=8.44274836768217
Mcost=0
Gloss=0.0129426576432432
VCCon=1
c=343.68275625794
roo=1.20096171470853
Thick=0
Depth=0
MagDepth=0
Magnet=0
Basket=0
Outer=0
Vcd=0
DVol=0
ParState=CCECEENNEEEEECCCEECCNCCENNCCCNNNCCCCNCNNNNNNNNNCC
