[Driver]
Brand=Faital Pro
Model=6FE100
Manufacturer=
ProvidedBy=Matt
Comment=
DateAdded=20121011
DateModified=20121011
Qts=0.570704816100272
Znom=8
Fs=61.3953522052639
Pe=100
SPL=89.1167866673935
Re=5.4
Le=0.0005
fLe=0
KLe=0
BL=6.8
Xmax=0.00525
Cms=0.00048
Qms=6
Qes=0.63069492090907
Rms=0.90010287477887
Mms=0.014
Sd=0.0143
Vas=0.013923805896
Dia=0
Vd=7.5075E-5
no=0.00496857238182069
Dd=0.134934522972117
EBP=97.3455630763127
numVC=1
Hc=0
Hg=0
SPLmax=106.116786667393
SPLmaxLF=78.0743873974264
USPL=90.8285777796496
alfaVC=0
Rt=0
Ct=0
gamma=485.714285714286
Rme=8.56296296296296
Mpow=2.92625408380116
Mcost=0
Gloss=0.012552512
VCCon=1
c=343.68275625794
roo=1.20096171470853
Thick=0
Depth=0
MagDepth=0
Magnet=0
Basket=0
Outer=0
Vcd=0
DVol=0
ParState=CCECEENNEEEEECCCEECCNCCENNCCCNNNCCCCNCNNNNNNNNNCC
