[Driver]
Brand=Faital Pro
Model=W10N8-700
Manufacturer=
ProvidedBy=Matt
Comment=
DateAdded=20150117
DateModified=20150117
Qts=0.203662521925884
Znom=8
Fs=57.07448556125
Pe=700
SPL=93.9010116897446
Re=5.5
Le=0.00095
fLe=0
KLe=0
BL=24.7
Xmax=0.009
Cms=0.00012
Qms=7.32
Qes=0.209491141347743
Rms=3.17457651328477
Mms=0.0648
Sd=0.0319
Vas=0.017322367986
Dia=0
Vd=0.0002871
no=0.0149504451232828
Dd=0.201534963410947
EBP=272.443432185562
numVC=1
Hc=0
Hg=0
SPLmax=119.351992089887
SPLmaxLF=89.7251444299361
USPL=95.533113505288
alfaVC=0
Rt=0
Ct=0
gamma=381.172839506173
Rme=110.925454545455
Mpow=10.5321153879672
Mcost=0
Gloss=0.0084729456
VCCon=1
c=343.68275625794
roo=1.20096171470853
Thick=0
Depth=0
MagDepth=0
Magnet=0
Basket=0
Outer=0
Vcd=0
DVol=0
ParState=CCECEENNEENEECCCEECCNCCENNCCCNNNCCCCNCNNNNNNNNNCC
