[Driver]
Brand=Faital Pro
Model=5FE120
Manufacturer=
ProvidedBy=Matt
Comment=
DateAdded=20120807
DateModified=20120807
Qts=0.432906530089629
Znom=8
Fs=71.0768163567512
Pe=80
SPL=87.1436788584436
Re=5.4
Le=0.00041
fLe=0
KLe=0
BL=7.55936178170265
Xmax=0.00525
Cms=0.00046
Qms=7.35
Qes=0.46
Rms=0.662288164562023
Mms=0.0109
Sd=0.00798
Vas=0.00415535624531998
Dia=0
Vd=4.1895E-5
no=0.00315442960534851
Dd=0.1007990653081
EBP=154.51481816685
numVC=1
Hc=0
Hg=0
SPLmax=103.174578728363
SPLmaxLF=73.0077244751397
USPL=88.8554699706997
alfaVC=0
Rt=0
Ct=0
gamma=693.519429514005
Rme=10.5822130641975
Mpow=3.25303136538791
Mcost=0
Gloss=0.00936581773333333
VCCon=1
c=343.68275625794
roo=1.20096171470853
Thick=0
Depth=0
MagDepth=0
Magnet=0
Basket=0
Outer=0
Vcd=0
DVol=0
ParState=CCECEENNCENEEECCEECCNCCENNCCCNNNCCCCNCNNNNNNNNNCC
