[Driver]
Brand=Faital Pro
Model=12FH520
Manufacturer=
ProvidedBy=Matt
Comment=
DateAdded=20121001
DateModified=20121001
Qts=0.309895079726138
Znom=8
Fs=53.1699346840515
Pe=600
SPL=96.3072458239549
Re=5.1
Le=0.00074
fLe=0
KLe=0
BL=17.3
Xmax=0.007
Cms=0.00016
Qms=11.1
Qes=0.318795360228325
Rms=1.68543125530358
Mms=0.056
Sd=0.05
Vas=0.056742
Dia=0
Vd=0.00035
no=0.0260182173062439
Dd=0.252313252202016
EBP=166.783903774417
numVC=1
Hc=0
Hg=0
SPLmax=121.088758327791
SPLmaxLF=91.4458414670115
USPL=98.2672727734613
alfaVC=0
Rt=0
Ct=0
gamma=308.928571428571
Rme=58.6843137254902
Mpow=7.66056875992182
Mcost=0
Gloss=0.012552512
VCCon=1
c=343.68275625794
roo=1.20096171470853
Thick=0
Depth=0
MagDepth=0
Magnet=0
Basket=0
Outer=0
Vcd=0
DVol=0
ParState=CCECEENNEEEEECCCEECCNCCENNCCCNNNCCCCNCNNNNNNNNNCC
