[Driver]
Brand=Faital Pro
Model=10FE200
Manufacturer=
ProvidedBy=Matt
Comment=
DateAdded=20121014
DateModified=20121014
Qts=0.698787287707202
Znom=8
Fs=55.1439194291641
Pe=150
SPL=92.8135828938049
Re=5.9
Le=0.00042
fLe=0
KLe=0
BL=8.2
Xmax=0.00467
Cms=0.00034
Qms=11.3
Qes=0.744848402290345
Rms=0.751216537723155
Mms=0.0245
Sd=0.0332
Vas=0.053161806768
Dia=0
Vd=0.000155044
no=0.0116388814229834
Dd=0.205600469078277
EBP=74.0337486924873
numVC=1
Hc=0
Hg=0
SPLmax=111.574495484362
SPLmaxLF=84.373579865409
USPL=94.1407914878693
alfaVC=0
Rt=0
Ct=0
gamma=334.69387755102
Rme=11.3966101694915
Mpow=3.37588657532973
Mcost=0
Gloss=0.0174923756959315
VCCon=1
c=343.68275625794
roo=1.20096171470853
Thick=0
Depth=0
MagDepth=0
Magnet=0
Basket=0
Outer=0
Vcd=0
DVol=0
ParState=CCECEENNEEEEECCCEECCNCCENNCCCNNNCCCCNCNNNNNNNNNCC
