[Driver]
Brand=Faital Pro
Model=10PR310
Manufacturer=
ProvidedBy=Matt
Comment=
DateAdded=20121023
DateModified=20121023
Qts=0.326472237134945
Znom=8
Fs=62.9903022812443
Pe=300
SPL=95.080030105557
Re=5.4
Le=0.0006
fLe=0
KLe=0
BL=14.4
Xmax=0.00492
Cms=0.00019
Qms=5.7
Qes=0.346307274064775
Rms=2.33301742527849
Mms=0.0336
Sd=0.0322
Vas=0.027945378258
Dia=0
Vd=0.000158424
no=0.0196135390649904
Dd=0.202480402361493
EBP=181.891363533595
numVC=1
Hc=0
Hg=0
SPLmax=116.851242652754
SPLmaxLF=84.5609000692698
USPL=96.7918212178132
alfaVC=0
Rt=0
Ct=0
gamma=428.571428571428
Rme=38.4
Mpow=6.19677335393187
Mcost=0
Gloss=0.0127247263414634
VCCon=1
c=343.68275625794
roo=1.20096171470853
Thick=0
Depth=0
MagDepth=0
Magnet=0
Basket=0
Outer=0
Vcd=0
DVol=0
ParState=CCECEENNEEEEECCCEECCNCCENNCCCNNNCCCCNCNNNNNNNNNCC
