[Driver]
Brand=Faital Pro
Model=15FH520
Manufacturer=
ProvidedBy=Matt
Comment=
DateAdded=20121001
DateModified=20121001
Qts=0.406666879585821
Znom=8
Fs=38.8298301433751
Pe=600
SPL=95.1988870963733
Re=5.6
Le=0.00089
fLe=0
KLe=0
BL=18.4
Xmax=0.00875
Cms=0.00016
Qms=10.1
Qes=0.423727879027157
Rms=2.5363739519702
Mms=0.105
Sd=0.0813
Vas=0.150018811992
Dia=0
Vd=0.000711375
no=0.0201577318596659
Dd=0.321736499308003
EBP=91.6386012469253
numVC=1
Hc=0
Hg=0
SPLmax=119.98039960021
SPLmaxLF=97.6064525523336
USPL=96.7527355367971
alfaVC=0
Rt=0
Ct=0
gamma=175.238095238095
Rme=60.4571428571429
Mpow=7.77541914350235
Mcost=0
Gloss=0.018828768
VCCon=1
c=343.68275625794
roo=1.20096171470853
Thick=0
Depth=0
MagDepth=0
Magnet=0
Basket=0
Outer=0
Vcd=0
DVol=0
ParState=CCECEENNEEEEECCCEECCNCCENNCCCNNNCCCCNCNNNNNNNNNCC
