[Driver]
Brand=Faital Pro
Model=12PR300
Manufacturer=
ProvidedBy=Matt
Comment=
DateAdded=20121008
DateModified=20121008
Qts=0.410651580699194
Znom=10
Fs=50.3745696372435
Pe=300
SPL=95.7032339261092
Re=6.2
Le=0.00042
fLe=0
KLe=0
BL=14.1
Xmax=0.00492
Cms=0.00023
Qms=9.92
Qes=0.428385153315849
Rms=1.38474330662598
Mms=0.0434
Sd=0.0489
Vas=0.0780171717465
Dia=0
Vd=0.000240588
no=0.022639996055267
Dd=0.249522371216589
EBP=117.591772841161
numVC=1
Hc=0
Hg=0
SPLmax=117.474446473306
SPLmaxLF=88.1899598178256
USPL=96.8150457416125
alfaVC=0
Rt=0
Ct=0
gamma=324.884792626728
Rme=32.0661290322581
Mpow=5.66269626876262
Mcost=0
Gloss=0.0198963374593496
VCCon=1
c=343.68275625794
roo=1.20096171470853
Thick=0
Depth=0
MagDepth=0
Magnet=0
Basket=0
Outer=0
Vcd=0
DVol=0
ParState=CCECEENNEENEECCCEECCNCCENNCCCNNNCCCCNCNNNNNNNNNCC
