[Driver]
Brand=Faital Pro
Model=6FE200
Manufacturer=
ProvidedBy=Matt
Comment=
DateAdded=20120725
DateModified=20120725
Qts=0.669412607449857
Znom=8
Fs=120
Pe=130
SPL=90.5925319321671
Re=5.9
Le=0.0004
fLe=0
KLe=0
BL=8.13393254233104
Xmax=0.00467
Cms=0.000157698840886848
Qms=6.23
Qes=0.75
Rms=1.34996446805762
Mms=0.0111544784808283
Sd=0.0118
Vas=0.00311485018986428
Dia=0
Vd=5.5106E-5
no=0.00697920809220463
Dd=0.122573352030019
EBP=160
numVC=1
Hc=0
Hg=0
SPLmax=108.731965455235
SPLmaxLF=75.3884583374507
USPL=91.9197405262314
alfaVC=0
Rt=0
Ct=0
gamma=729.20778468587
Rme=11.2137048479986
Mpow=3.34868703345037
Mcost=0
Gloss=0.00369386965250317
VCCon=1
c=343.68275625794
roo=1.20096171470853
Thick=0
Depth=0
MagDepth=0
Magnet=0
Basket=0
Outer=0
Vcd=0
DVol=0
ParState=CEECEENNCENCEECCCECENCCENNCCCNNNCCCCNCNNNNNNNNNCC
