[Driver]
Brand=Faital Pro
Model=15FH510
Manufacturer=
ProvidedBy=Matt
Comment=
DateAdded=20121010
DateModified=20121010
Qts=0.268792695592221
Znom=8
Fs=35.1343119853435
Pe=500
SPL=96.3683947395609
Re=5.1
Le=0.0014
fLe=0
KLe=0
BL=21
Xmax=0.00935
Cms=0.00019
Qms=10.7
Qes=0.275718980450274
Rms=2.22818527356736
Mms=0.108
Sd=0.08
Vas=0.17249568
Dia=0
Vd=0.000748
no=0.0263871464962331
Dd=0.319153824321146
EBP=127.427977312138
numVC=1
Hc=0
Hg=0
SPLmax=120.358094782921
SPLmaxLF=98.0425125372953
USPL=98.3284216890673
alfaVC=0
Rt=0
Ct=0
gamma=194.444444444444
Rme=86.4705882352941
Mpow=9.298956298171
Mcost=0
Gloss=0.0215221880213904
VCCon=1
c=343.68275625794
roo=1.20096171470853
Thick=0
Depth=0
MagDepth=0
Magnet=0
Basket=0
Outer=0
Vcd=0
DVol=0
ParState=CCECEENNEEEEECCCEECCNCCENNCCCNNNCCCCNCNNNNNNNNNCC
