[Driver]
Brand=Goldwood
Model=GW-8024 8in woofer
Manufacturer=
ProvidedBy=Matt
Comment=
DateAdded=20120403
DateModified=20120403
Qts=0.730298048275048
Znom=6
Fs=44.076961213036
Pe=65
SPL=86.5807265591403
Re=3.7
Le=0.0004
fLe=0
KLe=0
BL=5.608
Xmax=0.0025
Cms=0.00045748
Qms=3.42
Qes=0.92858590651611
Rms=2.30786429232393
Mms=0.0285
Sd=0.02182
Vas=0.030897707181175
Dia=0
Vd=5.455E-5
no=0.00277093035407828
Dd=0.166679593430393
EBP=47.4667566067257
numVC=1
Hc=0
Hg=0
SPLmax=101.709860125569
SPLmaxLF=75.3003756784932
USPL=89.9344380289562
alfaVC=0
Rt=0
Ct=0
gamma=196.771929824561
Rme=8.49990918918919
Mpow=2.91546037345548
Mcost=0
Gloss=0.0511443471588
VCCon=1
c=343.68275625794
roo=1.20096171470853
Thick=0
Depth=0
MagDepth=0
Magnet=0
Basket=0
Outer=0
Vcd=0
DVol=0
ParState=CCECEENNEENEECCCEECCNCCENNCCCNNNCCCCNCNNNNNNNNNCC
