[Driver]
Brand=goldwood
Model=GW-10120 10in PA woofer
Manufacturer=
ProvidedBy=Matt
Comment=
DateAdded=20120103
DateModified=20120103
Qts=0.290069406309134
Znom=10
Fs=47.0054444836983
Pe=500
SPL=92.7342839040157
Re=7.025
Le=0.001355
fLe=0
KLe=0
BL=20.559
Xmax=0.0053
Cms=0.000188556
Qms=10.328
Qes=0.298451638054133
Rms=1.73866287981749
Mms=0.0608
Sd=0.035532
Vas=0.0337694752042542
Dia=0
Vd=0.0001883196
no=0.0114282924286329
Dd=0.212698724734141
EBP=157.497693060651
numVC=1
Hc=0
Hg=0
SPLmax=116.723983947376
SPLmaxLF=86.0623910407603
USPL=93.3035493287303
alfaVC=0
Rt=0
Ct=0
gamma=338.141447368421
Rme=60.1669012099644
Mpow=7.75673263751977
Mcost=0
Gloss=0.0212123479248906
VCCon=1
c=343.68275625794
roo=1.20096171470853
Thick=0
Depth=0
MagDepth=0
Magnet=0
Basket=0
Outer=0
Vcd=0
DVol=0
ParState=CCECEENNEENEECCCEECCNCCENNCCCNNNCCCCNCNNNNNNNNNCC
