[Driver]
Brand=Goldwood
Model=GW-212-8
Manufacturer=
ProvidedBy=Matt
Comment=
DateAdded=20120415
DateModified=20120415
Qts=1.43275294496601
Znom=10
Fs=38.7829956357554
Pe=120
SPL=86.864158578089
Re=7
Le=0.0006
fLe=0
KLe=0
BL=7.472
Xmax=0.0025
Cms=0.0002615
Qms=5.271
Qes=1.96757547511463
Rms=2.97724154686892
Mms=0.0644
Sd=0.052588
Vas=0.102586366967244
Dia=0
Vd=0.00013147
no=0.00295780005065779
Dd=0.25876074118485
EBP=19.7110586741258
numVC=1
Hc=0
Hg=0
SPLmax=104.655971038565
SPLmaxLF=82.9410138386718
USPL=87.4489068884322
alfaVC=0
Rt=0
Ct=0
gamma=116.024844720497
Rme=7.97582628571429
Mpow=2.82415054232495
Mcost=0
Gloss=0.066059947996
VCCon=1
c=343.68275625794
roo=1.20096171470853
Thick=0
Depth=0
MagDepth=0
Magnet=0
Basket=0
Outer=0
Vcd=0
DVol=0
ParState=CCECEENNEENEECCCEECCNCCENNCCCNNNCCCCNCNNNNNNNNNCC
