[Driver]
Brand=GRS
Model=10PR-8
Manufacturer=
ProvidedBy=Matt
Comment=
DateAdded=20150209
DateModified=20150209
Qts=1.14285714285714
Znom=12
Fs=37
Pe=80
SPL=85.1633040636822
Re=7.58
Le=0.00112
fLe=0
KLe=0
BL=7.71921525799087
Xmax=0.003
Cms=0.000364795985600712
Qms=4.8
Qes=1.5
Rms=2.45655855042872
Mms=0.0507208782221049
Sd=0.0343
Vas=0.0608811628018927
Dia=0
Vd=0.0001029
no=0.00199932483457767
Dd=0.208978746250465
EBP=24.6666666666667
numVC=1
Hc=0
Hg=0
SPLmax=101.194203933602
SPLmaxLF=80.8127880752547
USPL=85.4023407178474
alfaVC=0
Rt=0
Ct=0
gamma=152.190094662571
Rme=7.86098736137191
Mpow=2.80374523831462
Mcost=0
Gloss=0.0604834055007385
VCCon=1
c=343.68275625794
roo=1.20096171470853
Thick=0
Depth=0
MagDepth=0
Magnet=0
Basket=0
Outer=0
Vcd=0
DVol=0
ParState=CEECEENNCENCEECCCECENCCENNCCCNNNCCCCNCNNNNNNNNNCC
