[Driver]
Brand=GRS
Model=4FR-8
Manufacturer=
ProvidedBy=Matt
Comment=
DateAdded=20150110
DateModified=20150110
Qts=0.823071895424837
Znom=12
Fs=100
Pe=15
SPL=87.0554464277304
Re=8.11
Le=0.00071
fLe=0
KLe=0
BL=4.80178694657852
Xmax=0.001
Cms=0.000571227539154126
Qms=5.14
Qes=0.98
Rms=0.542060642880365
Mms=0.00443436182157701
Sd=0.0062
Vas=0.00311485018986428
Dia=0
Vd=6.2E-6
no=0.0030909899784778
Dd=0.0888486644658096
EBP=102.040816326531
numVC=1
Hc=0
Hg=0
SPLmax=95.8163590182872
SPLmaxLF=56.4123143699711
USPL=87.0009665961046
alfaVC=0
Rt=0
Ct=0
gamma=1082.85862538633
Rme=2.84305275959702
Mpow=1.68613545114176
Mcost=0
Gloss=0.0248405346391533
VCCon=1
c=343.68275625794
roo=1.20096171470853
Thick=0
Depth=0
MagDepth=0
Magnet=0
Basket=0
Outer=0
Vcd=0
DVol=0
ParState=CEECEENNCENCEECCCECENCCENNCCCNNNCCCCNCNNNNNNNNNCC
