[Driver]
Brand=GRS
Model=12PR-8
Manufacturer=
ProvidedBy=Matt
Comment=
DateAdded=20150209
DateModified=20150209
Qts=1.26329411764706
Znom=12
Fs=32
Pe=100
SPL=84.370958576718
Re=7.59
Le=0.0014
fLe=0
KLe=0
BL=8.75749825297218
Xmax=0.0035
Cms=0.000270445912870483
Qms=4.13
Qes=1.82
Rms=4.45286654367049
Mms=0.0914660415372095
Sd=0.0498
Vas=0.0951445148903997
Dia=0
Vd=0.0001743
no=0.00166589955394348
Dd=0.251808120059324
EBP=17.5824175824176
numVC=1
Hc=0
Hg=0
SPLmax=101.370958576718
SPLmaxLF=85.3904283222059
USPL=84.6042695282489
alfaVC=0
Rt=0
Ct=0
gamma=95.7458976663981
Rme=10.1045817721753
Mpow=3.17877048120423
Mcost=0
Gloss=0.0693095274529947
VCCon=1
c=343.68275625794
roo=1.20096171470853
Thick=0
Depth=0
MagDepth=0
Magnet=0
Basket=0
Outer=0
Vcd=0
DVol=0
ParState=CEECEENNCENCEECCCECENCCENNCCCNNNCCCCNCNNNNNNNNNCC
