[Driver]
Brand=GRS
Model=8PF-8
Manufacturer=
ProvidedBy=Matt
Comment=
DateAdded=20150110
DateModified=20150110
Qts=0.928243992606285
Znom=6
Fs=49
Pe=80
SPL=86.1890226055425
Re=3.86
Le=0.00084
fLe=0
KLe=0
BL=5.00276499736744
Xmax=0.003
Cms=0.000420963255879792
Qms=4.22
Qes=1.19
Rms=1.82838399470035
Mms=0.0250613183600925
Sd=0.021
Vas=0.0263346425143071
Dia=0
Vd=6.3E-5
no=0.00253195052262712
Dd=0.163517676229325
EBP=41.1764705882353
numVC=1
Hc=0
Hg=0
SPLmax=102.219922475462
SPLmaxLF=76.5512915690777
USPL=89.3588782693108
alfaVC=0
Rt=0
Ct=0
gamma=199.620982642869
Rme=6.48384912406344
Mpow=2.54634033940152
Mcost=0
Gloss=0.0344863732321995
VCCon=1
c=343.68275625794
roo=1.20096171470853
Thick=0
Depth=0
MagDepth=0
Magnet=0
Basket=0
Outer=0
Vcd=0
DVol=0
ParState=CEECEENNCENCEECCCECENCCENNCCCNNNCCCCNCNNNNNNNNNCC
