[Driver]
Brand=GRS
Model=10PF-8
Manufacturer=
ProvidedBy=Matt
Comment=
DateAdded=20150209
DateModified=20150209
Qts=1.26521489971347
Znom=12
Fs=43
Pe=110
SPL=86.9170116919913
Re=7.56
Le=0.00119
fLe=0
KLe=0
BL=6.61551971281141
Xmax=0.003
Cms=0.000385156691773775
Qms=5.32
Qes=1.66
Rms=1.80635288064382
Mms=0.0355685289857912
Sd=0.0343
Vas=0.0642791811908355
Dia=0
Vd=0.0001029
no=0.00299401604518521
Dd=0.208978746250465
EBP=25.9036144578313
numVC=1
Hc=0
Hg=0
SPLmax=104.330938543574
SPLmaxLF=80.8127880752547
USPL=87.1675224474651
alfaVC=0
Rt=0
Ct=0
gamma=185.99362699127
Rme=5.78903453314767
Mpow=2.40604125757387
Mcost=0
Gloss=0.0447819265173126
VCCon=1
c=343.68275625794
roo=1.20096171470853
Thick=0
Depth=0
MagDepth=0
Magnet=0
Basket=0
Outer=0
Vcd=0
DVol=0
ParState=CEECEENNCENCEECCCECENCCENNCCCNNNCCCCNCNNNNNNNNNCC
