[Driver]
Brand=GRS
Model=10SW-4
Manufacturer=
ProvidedBy=Matt
Comment=
DateAdded=20150102
DateModified=20150102
Qts=0.63375
Znom=6
Fs=34
Pe=120
SPL=86.6521621965681
Re=4.14
Le=0.00123
fLe=0
KLe=0
BL=8.04746141776485
Xmax=0.0085
Cms=0.000383644650313689
Qms=3.38
Qes=0.78
Rms=3.60990163157268
Mms=0.0571154078806523
Sd=0.0325
Vas=0.0574831444129498
Dia=0
Vd=0.00027625
no=0.00281688536789014
Dd=0.203421447256411
EBP=43.5897435897436
numVC=1
Hc=0
Hg=0
SPLmax=104.443974657044
SPLmaxLF=89.3905263138694
USPL=89.5178874958449
alfaVC=0
Rt=0
Ct=0
gamma=140.898256991891
Rme=15.6429070701483
Mpow=3.95511151172104
Mcost=0
Gloss=0.0252804138399687
VCCon=1
c=343.68275625794
roo=1.20096171470853
Thick=0
Depth=0
MagDepth=0
Magnet=0
Basket=0
Outer=0
Vcd=0
DVol=0
ParState=CEECEENNCENCEECCCECENCCENNCCCNNNCCCCNCNNNNNNNNNCC
