[Driver]
Brand=GRS
Model=12SW-4
Manufacturer=
ProvidedBy=Matt
Comment=
DateAdded=20150209
DateModified=20150209
Qts=0.990951557093426
Znom=6
Fs=29.6
Pe=120
SPL=84.678765655126
Re=3.57
Le=0.0011
fLe=0
KLe=0
BL=7.68444179291782
Xmax=0.0085
Cms=0.000255957738966707
Qms=4.51
Qes=1.27
Rms=4.65782978375489
Mms=0.112950608786664
Sd=0.0498
Vas=0.0900474873069855
Dia=0
Vd=0.0004233
no=0.00178825529536677
Dd=0.251808120059324
EBP=23.3070866141732
numVC=1
Hc=0
Hg=0
SPLmax=102.470578115602
SPLmaxLF=93.0974459494862
USPL=88.1878122044899
alfaVC=0
Rt=0
Ct=0
gamma=68.0336465244897
Rme=16.5407971060902
Mpow=4.06703787861512
Mcost=0
Gloss=0.0333548192099661
VCCon=1
c=343.68275625794
roo=1.20096171470853
Thick=0
Depth=0
MagDepth=0
Magnet=0
Basket=0
Outer=0
Vcd=0
DVol=0
ParState=CEECEENNCENCEECCCECENCCENNCCCNNNCCCCNCNNNNNNNNNCC
