[Driver]
Brand=GRS
Model=8PF-8
Manufacturer=
ProvidedBy=Matt
Comment=
DateAdded=20150110
DateModified=20150110
Qts=0.931930434782609
Znom=12
Fs=51
Pe=100
SPL=86.876263051438
Re=7.59
Le=0.00111
fLe=0
KLe=0
BL=6.8613648223984
Xmax=0.003
Cms=0.000430016229124518
Qms=4.58
Qes=1.17
Rms=1.58452695325595
Mms=0.022647228639107
Sd=0.021
Vas=0.0269009789124642
Dia=0
Vd=6.3E-5
no=0.00296605540584491
Dd=0.163517676229325
EBP=43.5897435897436
numVC=1
Hc=0
Hg=0
SPLmax=103.876263051438
SPLmaxLF=76.5512915690777
USPL=87.109574002969
alfaVC=0
Rt=0
Ct=0
gamma=302.967084040926
Rme=6.20267815889938
Mpow=2.49051764878295
Mcost=0
Gloss=0.0318345952058866
VCCon=1
c=343.68275625794
roo=1.20096171470853
Thick=0
Depth=0
MagDepth=0
Magnet=0
Basket=0
Outer=0
Vcd=0
DVol=0
ParState=CEECEENNCENCEECCCECENCCENNCCCNNNCCCCNCNNNNNNNNNCC
