[Driver]
Brand=GRS
Model=8FR-8
Manufacturer=
ProvidedBy=Matt
Comment=
DateAdded=20150115
DateModified=20150115
Qts=0.397764705882353
Znom=10
Fs=39
Pe=60
SPL=91.1992246185263
Re=7.02
Le=0.00128
fLe=0
KLe=0
BL=7.80247817190954
Xmax=0.003
Cms=0.00102298597665412
Qms=2.94
Qes=0.46
Rms=1.35687085424721
Mms=0.0162795115014578
Sd=0.021
Vas=0.063996012991757
Dia=0
Vd=6.3E-5
no=0.00802556129652983
Dd=0.163517676229325
EBP=84.7826086956522
numVC=1
Hc=0
Hg=0
SPLmax=105.980737122363
SPLmaxLF=76.5512915690776
USPL=91.7715822077141
alfaVC=0
Rt=0
Ct=0
gamma=479.28208234079
Rme=8.67217459018872
Mpow=2.94485561448923
Mcost=0
Gloss=0.0544390415059244
VCCon=1
c=343.68275625794
roo=1.20096171470853
Thick=0
Depth=0
MagDepth=0
Magnet=0
Basket=0
Outer=0
Vcd=0
DVol=0
ParState=CEECEENNCENCEECCCECENCCENNCCCNNNCCCCNCNNNNNNNNNCC
