[Driver]
Brand=GRS
Model=12PF-8
Manufacturer=
ProvidedBy=Matt
Comment=
DateAdded=20150209
DateModified=20150209
Qts=1.54255900621118
Znom=12
Fs=35
Pe=120
SPL=86.9215275392919
Re=7.56
Le=0
fLe=0
KLe=0
BL=6.23616704764025
Xmax=0.0035
Cms=0.000424986434510759
Qms=5.97
Qes=2.08
Rms=1.79226691765339
Mms=0.0486551826151182
Sd=0.0498
Vas=0.149512809113485
Dia=0
Vd=0.0001743
no=0.00299713087893903
Dd=0.251808120059324
EBP=16.8269230769231
numVC=1
Hc=0
Hg=0
SPLmax=104.713339999768
SPLmaxLF=85.3904283222059
USPL=87.1720382947656
alfaVC=0
Rt=0
Ct=0
gamma=128.170663687994
Rme=5.14415072038017
Mpow=2.26807202715879
Mcost=0
Gloss=0.0579371070300951
VCCon=1
c=343.68275625794
roo=1.20096171470853
Thick=0
Depth=0
MagDepth=0
Magnet=0
Basket=0
Outer=0
Vcd=0
DVol=0
ParState=CEECENNNCENCEECCCECENCCENNCCCNNNCCCCNCNNNNNNNNNCC
