[Driver]
Brand=GRS
Model=15PF-8
Manufacturer=
ProvidedBy=Matt
Comment=
DateAdded=20150209
DateModified=20150209
Qts=1.39412268188302
Znom=10
Fs=29
Pe=150
SPL=87.3193639056674
Re=7.21
Le=0.00114
fLe=0
KLe=0
BL=8.7450324240448
Xmax=0.004
Cms=0.000269484208868019
Qms=5.09
Qes=1.92
Rms=4.00102283249313
Mms=0.111766318502877
Sd=0.0834
Vas=0.265894938934778
Dia=0
Vd=0.0003336
no=0.00328465185474888
Dd=0.325865275890072
EBP=15.1041666666667
numVC=1
Hc=0
Hg=0
SPLmax=106.080276496224
SPLmaxLF=91.02900141932
USPL=87.7757399689589
alfaVC=0
Rt=0
Ct=0
gamma=78.2438979934703
Rme=10.606878238224
Mpow=3.25682026495537
Mcost=0
Gloss=0.0738422551698968
VCCon=1
c=343.68275625794
roo=1.20096171470853
Thick=0
Depth=0
MagDepth=0
Magnet=0
Basket=0
Outer=0
Vcd=0
DVol=0
ParState=CEECEENNCENCEECCCECENCCENNCCCNNNCCCCNCNNNNNNNNNCC
