[Driver]
Brand=HiVi
Model=B4N
Manufacturer=
ProvidedBy=Matt
Comment=
DateAdded=20140105
DateModified=20140105
Qts=0.534053504195559
Znom=10
Fs=57.9300876893508
Pe=25
SPL=83.4639950691832
Re=6.5
Le=0
fLe=0
KLe=0
BL=5.1
Xmax=0.0032
Cms=0.00111
Qms=3.91
Qes=0.618537409878902
Rms=0.633018218805833
Mms=0.0068
Sd=0.0053
Vas=0.0044230247145
Dia=0
Vd=1.696E-5
no=0.00135192457040322
Dd=0.0821472433323016
EBP=93.6565626656153
numVC=1
Hc=0
Hg=0
SPLmax=94.4433951559036
SPLmaxLF=65.1529975384199
USPL=84.3705902132405
alfaVC=0
Rt=0
Ct=0
gamma=750
Rme=4.00153846153846
Mpow=2.00038457840948
Mcost=0
Gloss=0.0231314356875
VCCon=1
c=343.68275625794
roo=1.20096171470853
Thick=0
Depth=0
MagDepth=0
Magnet=0
Basket=0
Outer=0
Vcd=0
DVol=0
ParState=CCECENNNEENEECCCEECCNCCENNCCCNNNCCCCNCNNNNNNNNNCC
