[Driver]
Brand=HiVi
Model=M6a
Manufacturer=
ProvidedBy=Matt
Comment=
DateAdded=20110925
DateModified=20110925
Qts=0.37954128440367
Znom=10
Fs=46
Pe=45
SPL=89.0689296312661
Re=6.5
Le=0
fLe=0
KLe=0
BL=7.46349555278172
Xmax=0.0043
Cms=0.000961262077600506
Qms=3.94
Qes=0.42
Rms=0.913533059893981
Mms=0.0124532524023993
Sd=0.0126451612903226
Vas=0.0218039513290499
Dia=0
Vd=5.43741935483871E-5
no=0.00491412180890355
Dd=0.126887034027883
EBP=109.52380952381
numVC=1
Hc=0
Hg=0
SPLmax=102.60105476902
SPLmaxLF=75.2723371553214
USPL=89.9755247753234
alfaVC=0
Rt=0
Ct=0
gamma=599.320989538748
Rme=8.56981013329115
Mpow=2.92742380486515
Mcost=0
Gloss=0.0273008909297416
VCCon=1
c=343.68275625794
roo=1.20096171470853
Thick=0
Depth=0
MagDepth=0
Magnet=0
Basket=0
Outer=0
Vcd=0
DVol=0
ParState=CEECENNNCENCEECCCECENCCENNCCCNNNCCCCNCNNNNNNNNNCC
