[Driver]
Brand=HiVi
Model=M6N 6in woofer
Manufacturer=
ProvidedBy=Matt
Comment=
DateAdded=20120501
DateModified=20120501
Qts=0.439331852621813
Znom=10
Fs=46.1646531026142
Pe=45
SPL=87.721823845447
Re=6.5
Le=0
fLe=0
KLe=0
BL=8.1
Xmax=0.0035
Cms=0.000716
Qms=5.56
Qes=0.477024683161308
Rms=0.866009669679397
Mms=0.0166
Sd=0.0133
Vas=0.0179663953602
Dia=0
Vd=4.655E-5
no=0.00360358971541947
Dd=0.130131033750515
EBP=96.7762355538392
numVC=1
Hc=0
Hg=0
SPLmax=101.2539489832
SPLmaxLF=73.9228742863532
USPL=88.6284189895043
alfaVC=0
Rt=0
Ct=0
gamma=487.951807228916
Rme=10.0938461538462
Mpow=3.17708138923858
Mcost=0
Gloss=0.03330226264
VCCon=1
c=343.68275625794
roo=1.20096171470853
Thick=0
Depth=0
MagDepth=0
Magnet=0
Basket=0
Outer=0
Vcd=0
DVol=0
ParState=CCECENNNEENEECCCEECCNCCENNCCCNNNCCCCNCNNNNNNNNNCC
