[Driver]
Brand=HiVi
Model=M5N
Manufacturer=
ProvidedBy=Matt
Comment=
DateAdded=20170406
DateModified=20170406
Qts=0.349272107272376
Znom=10
Fs=47.482501787711
Pe=35
SPL=87.1811871758356
Re=6.5
Le=0.000865
fLe=0
KLe=0
BL=7.5
Xmax=0.0027
Cms=0.00105
Qms=6.57
Qes=0.368882514128638
Rms=0.485883185100946
Mms=0.0107
Sd=0.0087
Vas=0.0112738551975
Dia=0
Vd=2.349E-5
no=0.00318179116673346
Dd=0.105248202071085
EBP=128.719849732841
numVC=1
Hc=0
Hg=0
SPLmax=99.6218676193384
SPLmaxLF=67.9821409155581
USPL=88.0877823198929
alfaVC=0
Rt=0
Ct=0
gamma=700.934579439252
Rme=8.65384615384615
Mpow=2.94174202707276
Mcost=0
Gloss=0.0408065602777778
VCCon=1
c=343.68275625794
roo=1.20096171470853
Thick=0
Depth=0
MagDepth=0
Magnet=0
Basket=0
Outer=0
Vcd=0
DVol=0
ParState=CCECEENNEENEECCCEECCNCCENNCCCNNNCCCCNCNNNNNNNNNCC
