[Driver]
Brand=Infinity
Model=1262w
Manufacturer=
ProvidedBy=Matt
Comment=
DateAdded=20150816
DateModified=20150816
Qts=0.459756252083555
Znom=2
Fs=25.0406486432797
Pe=300
SPL=86.074105697833
Re=1.8
Le=0.0011
fLe=0
KLe=0
BL=10.8
Xmax=0.013
Cms=0.000199
Qms=6.84
Qes=0.492885991272429
Rms=4.66944623310722
Mms=0.203
Sd=0.0531
Vas=0.07959517953345
Dia=0
Vd=0.0006903
no=0.00246583222562659
Dd=0.260017345239577
EBP=50.8041394697282
numVC=1
Hc=0
Hg=0
SPLmax=107.84531824503
SPLmaxLF=97.3452380477721
USPL=92.5571093572858
alfaVC=0
Rt=0
Ct=0
gamma=53.2019704433498
Rme=64.8
Mpow=8.04984471899924
Mcost=0
Gloss=0.0304737876961538
VCCon=1
c=343.68275625794
roo=1.20096171470853
Thick=0
Depth=0
MagDepth=0
Magnet=0
Basket=0
Outer=0
Vcd=0
DVol=0
ParState=CCECEENNEENEECCCEECCNCCENNCCCNNNCCCCNCNNNNNNNNNCC
