[Driver]
Brand=Infinity
Model=1260w
Manufacturer=
ProvidedBy=Matt
Comment=
DateAdded=20140416
DateModified=20140416
Qts=0.389632231250426
Znom=6
Fs=23.5347741093257
Pe=300
SPL=86.1880065148689
Re=3.59
Le=0.00289
fLe=0
KLe=0
BL=16.9
Xmax=0.013
Cms=0.000206
Qms=6.99
Qes=0.412632961050357
Rms=4.69640672530963
Mms=0.222
Sd=0.0531
Vas=0.0823950099693
Dia=0
Vd=0.0006903
no=0.00253135820785341
Dd=0.260017345239577
EBP=57.035613561791
numVC=1
Hc=0
Hg=0
SPLmax=107.959219062066
SPLmaxLF=97.3452380477721
USPL=89.6727907395715
alfaVC=0
Rt=0
Ct=0
gamma=76.1261261261261
Rme=79.5571030640668
Mpow=8.91947885608048
Mcost=0
Gloss=0.0344982859846154
VCCon=1
c=343.68275625794
roo=1.20096171470853
Thick=0
Depth=0
MagDepth=0
Magnet=0
Basket=0
Outer=0
Vcd=0
DVol=0
ParState=CCECEENNEENEECCCEECCNCCENNCCCNNNCCCCNCNNNNNNNNNCC
