[Driver]
Brand=Infinity
Model=1060w
Manufacturer=
ProvidedBy=Matt
Comment=
DateAdded=20140416
DateModified=20140416
Qts=0.41572821589041
Znom=6
Fs=28.925312240508
Pe=300
SPL=84.5859021630895
Re=3.59
Le=0.00283
fLe=0
KLe=0
BL=16.02
Xmax=0.013
Cms=0.000175
Qms=7.59
Qes=0.439818458731533
Rms=4.14249746500652
Mms=0.173
Sd=0.0363
Vas=0.03271116011625
Dia=0
Vd=0.0004719
no=0.00175042364230883
Dd=0.214985105237285
EBP=65.76648084287
numVC=1
Hc=0
Hg=0
SPLmax=106.357114710286
SPLmaxLF=94.041480126865
USPL=88.0706863877921
alfaVC=0
Rt=0
Ct=0
gamma=92.6011560693642
Rme=71.4875766016713
Mpow=8.45503261978754
Mcost=0
Gloss=0.0228381791346154
VCCon=1
c=343.68275625794
roo=1.20096171470853
Thick=0
Depth=0
MagDepth=0
Magnet=0
Basket=0
Outer=0
Vcd=0
DVol=0
ParState=CCECEENNEENEECCCEECCNCCENNCCCNNNCCCCNCNNNNNNNNNCC
