[Driver]
Brand=Infinity
Model=860w
Manufacturer=
ProvidedBy=Matt
Comment=
DateAdded=20140526
DateModified=20140526
Qts=0.448426253254644
Znom=4
Fs=29.6493612283863
Pe=250
SPL=81.1268829151792
Re=3.3
Le=0.00231
fLe=0
KLe=0
BL=12.56
Xmax=0.013
Cms=0.000232
Qms=6.1
Qes=0.484006803667491
Rms=3.79303605082166
Mms=0.1242
Sd=0.0214
Vas=0.0150716284656
Dia=0
Vd=0.0002782
no=0.000789298442368356
Dd=0.165067641460501
EBP=61.2581496865799
numVC=1
Hc=0
Hg=0
SPLmax=102.1062830019
SPLmaxLF=89.4516230931266
USPL=84.9774722268862
alfaVC=0
Rt=0
Ct=0
gamma=101.127214170692
Rme=47.8041212121212
Mpow=6.91405244499354
Mcost=0
Gloss=0.0217363642892308
VCCon=1
c=343.68275625794
roo=1.20096171470853
Thick=0
Depth=0
MagDepth=0
Magnet=0
Basket=0
Outer=0
Vcd=0
DVol=0
ParState=CCECEENNEENEECCCEECCNCCENNCCCNNNCCCCNCNNNNNNNNNCC
