[Driver]
Brand=JBL
Model=2206H
Manufacturer=
ProvidedBy=Matt
Comment=
DateAdded=20121025
DateModified=20121025
Qts=0.319199511371445
Znom=8
Fs=52
Pe=600
SPL=96.0661854341655
Re=5.3
Le=0.0015
fLe=0
KLe=0
BL=18.1
Xmax=0.0075
Cms=0.000144118661302825
Qms=4.5
Qes=0.343570042406566
Rms=4.71937029739267
Mms=0.065
Sd=0.055
Vas=0.0618429569148143
Dia=0
Vd=0.0004125
no=0.0246133936548828
Dd=0.264628371420061
EBP=151.351961992267
numVC=1
Hc=0
Hg=0
SPLmax=120.847697938002
SPLmaxLF=92.8729596377249
USPL=97.8591554486435
alfaVC=0
Rt=0
Ct=0
gamma=278.461538461538
Rme=61.8132075471698
Mpow=7.86213759401156
Mcost=0
Gloss=0.012248784338833
VCCon=1
c=343.68275625794
roo=1.20096171470853
Thick=0
Depth=0
MagDepth=0
Magnet=0
Basket=0
Outer=0
Vcd=0
DVol=0
ParState=CEECEENNEENCECCCEECCNCCENNCCCNNNCCCCNCNNNNNNNNNCC
