[Driver]
Brand=JBL
Model=CS1214
Manufacturer=
ProvidedBy=Matt
Comment=
DateAdded=20160814
DateModified=20160814
Qts=0.542106627453483
Znom=6
Fs=28.2752844720887
Pe=250
SPL=86.7813854216488
Re=3.6
Le=0.00257
fLe=0
KLe=0
BL=14.08
Xmax=0.0121
Cms=0.000177
Qms=8.85
Qes=0.577480167092318
Rms=3.59332593212337
Mms=0.179
Sd=0.0551
Vas=0.07622915614335
Dia=0
Vd=0.00066671
no=0.00290196049767453
Dd=0.264868833415537
EBP=48.9632130822053
numVC=1
Hc=0
Hg=0
SPLmax=107.760785508369
SPLmaxLF=97.0432199633707
USPL=90.2540891244618
alfaVC=0
Rt=0
Ct=0
gamma=78.659217877095
Rme=55.0684444444444
Mpow=7.4208115758618
Mcost=0
Gloss=0.0256780241280992
VCCon=1
c=343.68275625794
roo=1.20096171470853
Thick=0
Depth=0
MagDepth=0
Magnet=0
Basket=0
Outer=0
Vcd=0
DVol=0
ParState=CCECEENNEENEECCCEECCNCCENNCCCNNNCCCCNCNNNNNNNNNCC
