[Driver]
Brand=JBL
Model=2226J
Manufacturer=
ProvidedBy=Matt
Comment=
DateAdded=20121127
DateModified=20121127
Qts=0.309568480300188
Znom=8
Fs=40
Pe=600
SPL=97.3543575691156
Re=4.84361972523175
Le=0.00175
fLe=0
KLe=0
BL=19.2
Xmax=0.0076
Cms=0.000158421376387582
Qms=5
Qes=0.33
Rms=5.02315239019634
Mms=0.0999324416004521
Sd=0.0883870967741936
Vas=0.175564283428714
Dia=0
Vd=0.000671741935483871
no=0.0331122514322532
Dd=0.33546675969049
EBP=121.212121212121
numVC=1
Hc=0
Hg=0
SPLmax=122.135870072952
SPLmaxLF=97.1085298053442
USPL=99.5383858880629
alfaVC=0
Rt=0
Ct=0
gamma=192.129799817811
Rme=76.1083695484294
Mpow=8.72401109286488
Mcost=0
Gloss=0.0204280712493037
VCCon=1
c=343.68275625794
roo=1.20096171470853
Thick=0
Depth=0
MagDepth=0
Magnet=0
Basket=0
Outer=0
Vcd=0
DVol=0
ParState=CEECCENNEEECEECCCECENCCENNCCCNNNCCCCNCNNNNNNNNNCC
