[Driver]
Brand=
Model=
Manufacturer=
ProvidedBy=Matt
Comment=
DateAdded=20110523
DateModified=20110523
Qts=0.407465214761041
Znom=8
Fs=36.23
Pe=350
SPL=93.0818859646577
Re=6
Le=0
fLe=0
KLe=0
BL=13.7050603771488
Xmax=0.007
Cms=0.000294804554652386
Qms=2.83
Qes=0.476
Rms=5.26539762379596
Mms=0.0654590060020755
Sd=0.0552
Vas=0.127425689585357
Dia=0
Vd=0.0003864
no=0.0123805959613272
Dd=0.26510907730476
EBP=76.1134453781513
numVC=1
Hc=0
Hg=0
SPLmax=115.52256640816
SPLmaxLF=92.3052229348751
USPL=94.3361021713071
alfaVC=0
Rt=0
Ct=0
gamma=209.368598978026
Rme=31.3047799902155
Mpow=5.59506746967501
Mcost=0
Gloss=0.0270349910898585
VCCon=1
c=343.68275625794
roo=1.20096171470853
Thick=0
Depth=0
MagDepth=0
Magnet=0
Basket=0
Outer=0
Vcd=0
DVol=0
ParState=CEECENNNCENCEECCCECENCCENNCCCNNNCCCCNCNNNNNNNNNCC
