[Driver]
Brand=
Model=
Manufacturer=
ProvidedBy=Matt
Comment=
DateAdded=20110523
DateModified=20110523
Qts=0.37988626314987
Znom=8
Fs=26
Pe=800
SPL=96.6703311635971
Re=6.3
Le=0
fLe=0
KLe=0
BL=22.9438108649998
Xmax=0.007
Cms=0.000171967598377358
Qms=3.5094
Qes=0.426
Rms=10.1430200923318
Mms=0.217894837703729
Sd=0.17
Vas=0.705
Dia=0
Vd=0.00119
no=0.0282869465997816
Dd=0.465242649168128
EBP=61.0328638497653
numVC=1
Hc=0
Hg=0
SPLmax=122.701231033517
SPLmaxLF=102.075419807857
USPL=97.7126543795471
alfaVC=0
Rt=0
Ct=0
gamma=105.297633972386
Rme=83.558485239505
Mpow=9.14103305100167
Mcost=0
Gloss=0.0524947900235699
VCCon=1
c=343.68275625794
roo=1.20096171470853
Thick=0
Depth=0
MagDepth=0
Magnet=0
Basket=0
Outer=0
Vcd=0
DVol=0
ParState=EEECENNNCENCEECCCECENCCENNCCCNNNCCCCNCNNNNNNNNNCC
