[Driver]
Brand=mcm
Model=15in 500 watt
Manufacturer=
ProvidedBy=Matt
Comment=
DateAdded=20111208
DateModified=20111208
Qts=0.464984657327649
Znom=10
Fs=43.57
Pe=500
SPL=94.8296477368944
Re=6.5
Le=0
fLe=0
KLe=0
BL=18.6688415014834
Xmax=0.007
Cms=0.000122970638068491
Qms=2.8939
Qes=0.554
Rms=10.2647322472022
Mms=0.108508489253103
Sd=0.0855
Vas=0.12752
Dia=0
Vd=0.0005985
no=0.0185147446995161
Dd=0.329942390539404
EBP=78.6462093862816
numVC=1
Hc=0
Hg=0
SPLmax=118.819347780255
SPLmaxLF=96.1057636748546
USPL=95.7362428809517
alfaVC=0
Rt=0
Ct=0
gamma=172.049593815071
Rme=53.6193296934626
Mpow=7.3225220855565
Mcost=0
Gloss=0.0186933776132742
VCCon=1
c=343.68275625794
roo=1.20096171470853
Thick=0
Depth=0
MagDepth=0
Magnet=0
Basket=0
Outer=0
Vcd=0
DVol=0
ParState=CEECENNNCENCEECCCECENCCENNCCCNNNCCCCNCNNNNNNNNNCC
