[Driver]
Brand=MISCQ
Model=RRC15WF-4-4A
Manufacturer=
ProvidedBy=Matt
Comment=
DateAdded=20131119
DateModified=20131119
Qts=0.262882096069869
Znom=10
Fs=25
Pe=300
SPL=91.2025726462743
Re=7.12
Le=0
fLe=0
KLe=0
BL=31.6700360499727
Xmax=0.0187
Cms=0.000161400534942967
Qms=4.3
Qes=0.28
Rms=9.17290081505876
Mms=0.251104951239824
Sd=0.0804
Vas=0.148
Dia=0
Vd=0.00150348
no=0.00803175068249264
Dd=0.319950714011873
EBP=89.2857142857143
numVC=1
Hc=0
Hg=0
SPLmax=112.973785193471
SPLmaxLF=104.106433685705
USPL=91.7135014203915
alfaVC=0
Rt=0
Ct=0
gamma=126.122706436503
Rme=140.869548231259
Mpow=11.8688478055479
Mcost=0
Gloss=0.0212539333810937
VCCon=1
c=343.68275625794
roo=1.20096171470853
Thick=0
Depth=0
MagDepth=0
Magnet=0
Basket=0
Outer=0
Vcd=0
DVol=0
ParState=CEECENNNCENCEECCCECENCCENNCCCNNNCCCCNCNNNNNNNNNCC
