[Driver]
Brand=MISCQ
Model=OOC10WF-4-4B
Manufacturer=
ProvidedBy=Matt
Comment=
DateAdded=20131119
DateModified=20131119
Qts=0.271677559912854
Znom=12
Fs=24
Pe=100
SPL=87.1022917832976
Re=7.6
Le=0.002
fLe=0
KLe=0
BL=20.381423764752
Xmax=0.0177
Cms=0.000418365098226373
Qms=4.3
Qes=0.29
Rms=3.68625171532237
Mms=0.105114428437104
Sd=0.0337
Vas=0.0674
Dia=0
Vd=0.00059649
no=0.00312451153672639
Dd=0.20714287981385
EBP=82.7586206896552
numVC=1
Hc=0
Hg=0
SPLmax=104.102291783298
SPLmaxLF=96.0765439246689
USPL=87.3298845709755
alfaVC=0
Rt=0
Ct=0
gamma=193.897489315155
Rme=54.6582150892627
Mpow=7.39311944237767
Mcost=0
Gloss=0.0243649311824715
VCCon=1
c=343.68275625794
roo=1.20096171470853
Thick=0
Depth=0
MagDepth=0
Magnet=0
Basket=0
Outer=0
Vcd=0
DVol=0
ParState=CEECEENNCENCEECCCECENCCENNCCCNNNCCCCNCNNNNNNNNNCC
