[Driver]
Brand=MISCQ
Model=OOC12WF-4-4B
Manufacturer=
ProvidedBy=Matt
Comment=
DateAdded=20131119
DateModified=20131119
Qts=0.354577464788732
Znom=10
Fs=29
Pe=100
SPL=90.0197002733113
Re=7.3
Le=0.002
fLe=0
KLe=0
BL=19.4935317808956
Xmax=0.0177
Cms=0.000277447193666374
Qms=5.3
Qes=0.38
Rms=3.73220875914341
Mms=0.108558524315285
Sd=0.0499
Vas=0.098
Dia=0
Vd=0.00088323
no=0.00611678170279077
Dd=0.252060812666873
EBP=76.3157894736842
numVC=1
Hc=0
Hg=0
SPLmax=107.019700273311
SPLmaxLF=99.48595681971
USPL=90.4222003825925
alfaVC=0
Rt=0
Ct=0
gamma=179.567029893302
Rme=52.0544905880528
Mpow=7.21487980413069
Mcost=0
Gloss=0.0166875152926321
VCCon=1
c=343.68275625794
roo=1.20096171470853
Thick=0
Depth=0
MagDepth=0
Magnet=0
Basket=0
Outer=0
Vcd=0
DVol=0
ParState=CEECEENNCENCEECCCECENCCENNCCCNNNCCCCNCNNNNNNNNNCC
