[Driver]
Brand=Morel
Model=UW 1258
Manufacturer=
ProvidedBy=Matt
Comment=
DateAdded=20130313
DateModified=20130313
Qts=0.433517417423063
Znom=10
Fs=23.3608234498603
Pe=800
SPL=86.3420700328867
Re=6.8
Le=0.00133
fLe=0
KLe=0
BL=13.67
Xmax=0.0125
Cms=0.00044
Qms=1.88
Qes=0.563444561705954
Rms=8.23609711021384
Mms=0.10549
Sd=0.0437
Vas=0.119195592978
Dia=0
Vd=0.00054625
no=0.00262276849073426
Dd=0.235882530308895
EBP=41.4607310773046
numVC=1
Hc=0
Hg=0
SPLmax=112.372969902806
SPLmaxLF=95.3123095795756
USPL=87.0527096163102
alfaVC=0
Rt=0
Ct=0
gamma=129.585742724429
Rme=27.4807205882353
Mpow=5.24220569877178
Mcost=0
Gloss=0.0364145234992
VCCon=1
c=343.68275625794
roo=1.20096171470853
Thick=0
Depth=0
MagDepth=0
Magnet=0
Basket=0
Outer=0
Vcd=0
DVol=0
ParState=CCECEENNEENEECCCEECCNCCENNCCCNNNCCCCNCNNNNNNNNNCC
