[Driver]
Brand=NHT
Model=AR-12 Clone
Manufacturer=
ProvidedBy=Matt
Comment=
DateAdded=20151104
DateModified=20151104
Qts=0.19598571818375
Znom=6
Fs=18.8725404226441
Pe=200
SPL=91.4354466204093
Re=3.55
Le=0.0015
fLe=0
KLe=0
BL=13.4
Xmax=0.005
Cms=0.00081
Qms=4.095
Qes=0.205837029042275
Rms=2.54244075976068
Mms=0.0878
Sd=0.04819
Vas=0.266835445694055
Dia=0
Vd=0.00024095
no=0.00847417866664777
Dd=0.247704286722672
EBP=91.6868092706879
numVC=1
Hc=0
Hg=0
SPLmax=111.445746577049
SPLmaxLF=88.2030191927506
USPL=94.9688918003442
alfaVC=0
Rt=0
Ct=0
gamma=152.619589977221
Rme=50.5802816901409
Mpow=7.11198155861929
Mcost=0
Gloss=0.13948586694
VCCon=1
c=343.68275625794
roo=1.20096171470853
Thick=0
Depth=0
MagDepth=0
Magnet=0
Basket=0
Outer=0
Vcd=0
DVol=0
ParState=CCECEENNEENEECCCEECCNCCENNCCCNNNCCCCNCNNNNNNNNNCC
