[Driver]
Brand=Peeless
Model=HDS 6.5in 830875
Manufacturer=
ProvidedBy=Matt
Comment=
DateAdded=20120328
DateModified=20120328
Qts=0.388669470842645
Znom=10
Fs=48.0832838148475
Pe=50
SPL=88.4883062014415
Re=6.4
Le=0.0013
fLe=0
KLe=0
BL=8.4
Xmax=0.0055
Cms=0.00066
Qms=2.67
Qes=0.454886950350491
Rms=1.87832532869444
Mms=0.0166
Sd=0.0139
Vas=0.018089151003
Dia=0
Vd=7.645E-5
no=0.00429915966351971
Dd=0.133033941803657
EBP=105.703810095671
numVC=1
Hc=0
Hg=0
SPLmax=102.478006244802
SPLmaxLF=78.2320303749728
USPL=89.4622351720885
alfaVC=0
Rt=0
Ct=0
gamma=506.024096385542
Rme=11.025
Mpow=3.3203915431768
Mcost=0
Gloss=0.0195348468
VCCon=1
c=343.68275625794
roo=1.20096171470853
Thick=0
Depth=0
MagDepth=0
Magnet=0
Basket=0
Outer=0
Vcd=0
DVol=0
ParState=CCECEENNEENEECCCEECCNCCENNCCCNNNCCCCNCNNNNNNNNNCC
