[Driver]
Brand=Peerless
Model=830656 SDS 5.25in
Manufacturer=
ProvidedBy=Matt
Comment=
DateAdded=20170109
DateModified=20170109
Qts=0.592652752582058
Znom=10
Fs=57.1815807061497
Pe=60
SPL=85.7170822887779
Re=6.1
Le=0.00037
fLe=0
KLe=0
BL=5.36
Xmax=0.0035
Cms=0.000833
Qms=3.6
Qes=0.709445811795508
Rms=0.928146374979974
Mms=0.0093
Sd=0.00866
Vas=0.008861871198054
Dia=0
Vd=3.031E-5
no=0.00227123035086459
Dd=0.105005973436784
EBP=80.6003499568644
numVC=1
Hc=0
Hg=0
SPLmax=100.498594792614
SPLmaxLF=70.1961993073585
USPL=86.8995126491561
alfaVC=0
Rt=0
Ct=0
gamma=576.344086021505
Rme=4.70977049180328
Mpow=2.1702005648795
Mcost=0
Gloss=0.02170603911
VCCon=1
c=343.68275625794
roo=1.20096171470853
Thick=0
Depth=0
MagDepth=0
Magnet=0
Basket=0
Outer=0
Vcd=0
DVol=0
ParState=CCECEENNEENEECCCEECCNCCENNCCCNNNCCCCNCNNNNNNNNNCC
