[Driver]
Brand=Peerless
Model=830500 12" XLS
Manufacturer=
ProvidedBy=Matt
Comment=
DateAdded=20121114
DateModified=20121114
Qts=0.203047623718646
Znom=6
Fs=18.1968029073904
Pe=150
SPL=88.0258322379518
Re=3.5
Le=0.0042
fLe=0
KLe=0
BL=17.6
Xmax=0.0125
Cms=0.00046
Qms=3.7
Qes=0.214837414674173
Rms=5.13884459995921
Mms=0.1663
Sd=0.0466
Vas=0.141701456148
Dia=0
Vd=0.0005825
no=0.00386488145859771
Dd=0.243583584801313
EBP=84.7003439088489
numVC=1
Hc=0
Hg=0
SPLmax=106.786744828509
SPLmaxLF=95.8703991739672
USPL=91.6208805049349
alfaVC=0
Rt=0
Ct=0
gamma=105.832832230908
Rme=88.5028571428572
Mpow=9.40759571531734
Mcost=0
Gloss=0.060015128936
VCCon=1
c=343.68275625794
roo=1.20096171470853
Thick=0
Depth=0
MagDepth=0
Magnet=0
Basket=0
Outer=0
Vcd=0
DVol=0
ParState=CCECEENNEENEECCCEECCNCCENNCCCNNNCCCCNCNNNNNNNNNCC
