[Driver]
Brand=Peerless
Model=SLS-P930669 12in sub
Manufacturer=
ProvidedBy=Matt
Comment=
DateAdded=20130313
DateModified=20130313
Qts=0.537518879880212
Znom=8
Fs=31.4754666403565
Pe=100
SPL=90.5900098314383
Re=5.6
Le=0.00112
fLe=0
KLe=0
BL=11.88
Xmax=0.0083
Cms=0.000345
Qms=7.1
Qes=0.581545908825387
Rms=2.06428905720638
Mms=0.07411
Sd=0.05228
Vas=0.13376266136604
Dia=0
Vd=0.000433924
no=0.00697515619737034
Dd=0.258001867045094
EBP=54.1237865535517
numVC=1
Hc=0
Hg=0
SPLmax=107.590009831438
SPLmaxLF=93.3127540056976
USPL=92.1438582718621
alfaVC=0
Rt=0
Ct=0
gamma=160.302253407098
Rme=25.2025714285714
Mpow=5.02021627308739
Mcost=0
Gloss=0.0302091490201807
VCCon=1
c=343.68275625794
roo=1.20096171470853
Thick=0
Depth=0
MagDepth=0
Magnet=0
Basket=0
Outer=0
Vcd=0
DVol=0
ParState=CCECEENNEENEECCCEECCNCCENNCCCNNNCCCCNCNNNNNNNNNCC
