[Driver]
Brand=Peerless
Model=8in HDS Nomex woofer 830869
Manufacturer=
ProvidedBy=Matt
Comment=
DateAdded=20111110
DateModified=20111110
Qts=0.383270782217356
Znom=8
Fs=29.9961491741986
Pe=75
SPL=88.7856224215655
Re=5.9
Le=0.0018
fLe=0
KLe=0
BL=9.1
Xmax=0.0045
Cms=0.00092
Qms=5.7
Qes=0.410899891484419
Rms=1.01179363704504
Mms=0.0306
Sd=0.0235
Vas=0.07207226985
Dia=0
Vd=0.00010575
no=0.0046037867259722
Dd=0.17297725082009
EBP=73.0011124262759
numVC=1
Hc=0
Hg=0
SPLmax=104.536235055483
SPLmaxLF=81.0500881009476
USPL=90.1128310156299
alfaVC=0
Rt=0
Ct=0
gamma=297.385620915033
Rme=14.035593220339
Mpow=3.74641071164641
Mcost=0
Gloss=0.0613504024
VCCon=1
c=343.68275625794
roo=1.20096171470853
Thick=0
Depth=0
MagDepth=0
Magnet=0
Basket=0
Outer=0
Vcd=0
DVol=0
ParState=CCECEENNEENEECCCEECCNCCENNCCCNNNCCCCNCNNNNNNNNNCC
