[Driver]
Brand=Peerless
Model=SDS-160PR01-08
Manufacturer=
ProvidedBy=Matt
Comment=
DateAdded=20111213
DateModified=20111213
Qts=0.484876528442247
Znom=10
Fs=41.8039206019657
Pe=60
SPL=87.787134985911
Re=7.1
Le=0.00041
fLe=0
KLe=0
BL=6.64
Xmax=0.00605
Cms=0.001058
Qms=2.97
Qes=0.579481585504797
Rms=1.21160484242767
Mms=0.0137
Sd=0.0141
Vas=0.0298379197179
Dia=0
Vd=8.5305E-5
no=0.00365819163919829
Dd=0.13398760233979
EBP=72.1402053967763
numVC=1
Hc=0
Hg=0
SPLmax=102.568647489747
SPLmaxLF=79.183970326163
USPL=88.3102802092061
alfaVC=0
Rt=0
Ct=0
gamma=484.671532846715
Rme=6.20980281690141
Mpow=2.49194759513546
Mcost=0
Gloss=0.0234947882793388
VCCon=1
c=343.68275625794
roo=1.20096171470853
Thick=0
Depth=0
MagDepth=0
Magnet=0
Basket=0
Outer=0
Vcd=0
DVol=0
ParState=CCECEENNEENEECCCEECCNCCENNCCCNNNCCCCNCNNNNNNNNNCC
