[Driver]
Brand=Peerless
Model=830869 8in HDS Nomex
Manufacturer=
ProvidedBy=Matt
Comment=
DateAdded=20130926
DateModified=20130926
Qts=0.307376758257255
Znom=8
Fs=29.5657919848086
Pe=60
SPL=90.4250751313688
Re=5.9
Le=0.00063
fLe=0
KLe=0
BL=8.92
Xmax=0.0055
Cms=0.0012079
Qms=4.4
Qes=0.330462311443066
Rms=1.01285425489998
Mms=0.02399
Sd=0.0227
Vas=0.088293217597305
Dia=0
Vd=0.00012485
no=0.006715223433255
Dd=0.170007463558187
EBP=89.4679694507385
numVC=1
Hc=0
Hg=0
SPLmax=105.206587635205
SPLmaxLF=82.4922515137534
USPL=91.7522837254332
alfaVC=0
Rt=0
Ct=0
gamma=371.821592330138
Rme=13.4858305084746
Mpow=3.67230588438308
Mcost=0
Gloss=0.0516677102390273
VCCon=1
c=343.68275625794
roo=1.20096171470853
Thick=0
Depth=0
MagDepth=0
Magnet=0
Basket=0
Outer=0
Vcd=0
DVol=0
ParState=CCECEENNEENEECCCEECCNCCENNCCCNNNCCCCNCNNNNNNNNNCC
