[Driver]
Brand=Peerless
Model=831735
Manufacturer=
ProvidedBy=Matt
Comment=
DateAdded=20110309
DateModified=20110309
Qts=0.43
Znom=8
Fs=38
Pe=100
SPL=86.5000132826104
Re=5.1
Le=0
fLe=0
KLe=0
BL=6.80805007768381
Xmax=0.006
Cms=0.000921703472242278
Qms=3.07142857142857
Qes=0.5
Rms=1.47946566813385
Mms=0.0190318868259117
Sd=0.0139612903225806
Vas=0.0254851379170714
Dia=0
Vd=8.37677419354839E-5
no=0.00271990842638815
Dd=0.133326917515699
EBP=76
numVC=1
Hc=0
Hg=0
SPLmax=103.50001328261
SPLmaxLF=79.0260167529637
USPL=88.4600402321169
alfaVC=0
Rt=0
Ct=0
gamma=357.718083338681
Rme=9.08814624710794
Mpow=3.01465524514959
Mcost=0
Gloss=0.0286709771920052
VCCon=1
c=343.68275625794
roo=1.20096171470853
Thick=0
Depth=0
MagDepth=0
Magnet=0
Basket=0
Outer=0
Vcd=0
DVol=0
ParState=CEECENNNCENCCEECCECENCCENNCCCNNNCCCCNCNNNNNNNNNCC
