[Driver]
Brand=Peerless
Model=830668 SLS 10in
Manufacturer=
ProvidedBy=Matt
Comment=
DateAdded=20170811
DateModified=20170811
Qts=0.545369508070669
Znom=8
Fs=32.3902605233248
Pe=70
SPL=88.2663359766221
Re=5.6
Le=0.00137
fLe=0
KLe=0
BL=10.42
Xmax=0.0083
Cms=0.000429
Qms=7.1
Qes=0.590746268926902
Rms=1.61320682076245
Mms=0.05628
Sd=0.03464
Vas=0.073022669752032
Dia=0
Vd=0.000287512
no=0.00408494818261416
Dd=0.210011946873567
EBP=54.8293949992476
numVC=1
Hc=0
Hg=0
SPLmax=103.717316376765
SPLmaxLF=89.7376000944337
USPL=89.8201844170459
alfaVC=0
Rt=0
Ct=0
gamma=185.145700071073
Rme=19.3886428571429
Mpow=4.40325366713557
Mcost=0
Gloss=0.0285268595660241
VCCon=1
c=343.68275625794
roo=1.20096171470853
Thick=0
Depth=0
MagDepth=0
Magnet=0
Basket=0
Outer=0
Vcd=0
DVol=0
ParState=CCECEENNEENEECCCEECCNCCENNCCCNNNCCCCNCNNNNNNNNNCC
