[Driver]
Brand=PRV Audio
Model=21SW4000
Manufacturer=
ProvidedBy=Matt
Comment=
DateAdded=20130904
DateModified=20130904
Qts=0.273517081073466
Znom=6
Fs=32.3
Pe=2000
SPL=96.0256426745471
Re=4.4
Le=0
fLe=0
KLe=0
BL=38.2746583864686
Xmax=0.014
Cms=5.30448757141558E-5
Qms=13.918
Qes=0.279
Rms=6.67417117489521
Mms=0.457711455975699
Sd=0.1661
Vas=0.2076
Dia=0
Vd=0.0023254
no=0.0243846890380253
Dd=0.459875079103565
EBP=115.770609318996
numVC=1
Hc=0
Hg=0
SPLmax=126.035942631187
SPLmaxLF=107.894433942599
USPL=98.626844620171
alfaVC=0
Rt=0
Ct=0
gamma=83.6218055868382
Rme=332.943062409289
Mpow=18.2467274438264
Mcost=0
Gloss=0.0170070057490886
VCCon=1
c=343.68275625794
roo=1.20096171470853
Thick=0
Depth=0
MagDepth=0
Magnet=0
Basket=0
Outer=0
Vcd=0
DVol=0
ParState=CEECENNNCENCEECCCECENCCENNCCCNNNCCCCNCNNNNNNNNNCC
