[Driver]
Brand=PRV Audio
Model=15W1600
Manufacturer=
ProvidedBy=Matt
Comment=
DateAdded=20120824
DateModified=20120824
Qts=0.505866280443335
Znom=8
Fs=28.4375560055127
Pe=800
SPL=93.5484559994667
Re=5.2
Le=0
fLe=0
KLe=0
BL=13.5
Xmax=0.0076
Cms=0.000298309047630435
Qms=9.2
Qes=0.5353
Rms=2.03926473662207
Mms=0.105
Sd=0.0883
Vas=0.32993810890345
Dia=0
Vd=0.00067108
no=0.0137847392090409
Dd=0.3353014342351
EBP=53.1245208397398
numVC=1
Hc=0
Hg=0
SPLmax=119.579355869386
SPLmaxLF=97.0999664971732
USPL=95.4241512736045
alfaVC=0
Rt=0
Ct=0
gamma=128.571428571429
Rme=35.0480769230769
Mpow=5.92014163032245
Mcost=0
Gloss=0.0404168821452928
VCCon=1
c=343.68275625794
roo=1.20096171470853
Thick=0
Depth=0
MagDepth=0
Magnet=0
Basket=0
Outer=0
Vcd=0
DVol=0
ParState=CCECENNNEENCEECCEECCNCCENNCCCNNNCCCCNCNNNNNNNNNCC
