[Driver]
Brand=Radian
Model=5210 10in coaxial
Manufacturer=
ProvidedBy=Matt
Comment=
DateAdded=20150409
DateModified=20150409
Qts=0.430084579071597
Znom=8
Fs=67
Pe=375
SPL=92.528785114918
Re=5
Le=0
fLe=0
KLe=0
BL=13.9389229826942
Xmax=0.00465
Cms=0.000135845226600136
Qms=9.718
Qes=0.45
Rms=1.79938481709953
Mms=0.0415380663133759
Sd=0.0295
Vas=0.01677
Dia=0
Vd=0.000137175
no=0.0109001246830922
Dd=0.193805486428241
EBP=148.888888888889
numVC=1
Hc=0
Hg=0
SPLmax=115.269097792195
SPLmaxLF=83.3099799573684
USPL=94.5748137820436
alfaVC=0
Rt=0
Ct=0
gamma=335.569857237328
Rme=38.8587147834961
Mpow=6.23367586448767
Mcost=0
Gloss=0.011900312898269
VCCon=1
c=343.68275625794
roo=1.20096171470853
Thick=0
Depth=0
MagDepth=0
Magnet=0
Basket=0
Outer=0
Vcd=0
DVol=0
ParState=CEECENNNCENCEECCCECENCCENNCCCNNNCCCCNCNNNNNNNNNCC
