[Driver]
Brand=RCF
Model=L15S801
Manufacturer=
ProvidedBy=Matt
Comment=
DateAdded=20121020
DateModified=20121020
Qts=0.320684283181029
Znom=10
Fs=48
Pe=700
SPL=97.7997061993423
Re=6.1
Le=0.0017
fLe=0
KLe=0
BL=23.6
Xmax=0.0055
Cms=0.000109940520445245
Qms=11
Qes=0.330313964726764
Rms=2.74175358858746
Mms=0.1
Sd=0.085
Vas=0.112678300513068
Dia=0
Vd=0.0004675
no=0.0366879608687569
Dd=0.328976232123977
EBP=145.316290335184
numVC=1
Hc=0
Hg=0
SPLmax=123.250686599485
SPLmaxLF=93.9601128841768
USPL=98.9821365597204
alfaVC=0
Rt=0
Ct=0
gamma=236
Rme=91.3049180327869
Mpow=9.55536069611121
Mcost=0
Gloss=0.0196026946331702
VCCon=1
c=343.68275625794
roo=1.20096171470853
Thick=0
Depth=0
MagDepth=0
Magnet=0
Basket=0
Outer=0
Vcd=0
DVol=0
ParState=CEECEENNEEECECCCEECCNCCENNCCCNNNCCCCNCNNNNNNNNNCC
