[Driver]
Brand=RCF
Model=L10-568H
Manufacturer=
ProvidedBy=Matt
Comment=
DateAdded=20140209
DateModified=20140209
Qts=0.384409059462626
Znom=8
Fs=70
Pe=200
SPL=96.0138194003522
Re=5.1
Le=0.00105
fLe=0
KLe=0
BL=12.8
Xmax=0.0043
Cms=0.000172314938167241
Qms=6
Qes=0.41072335595638
Rms=2.19911485751286
Mms=0.03
Sd=0.035
Vas=0.0299435760532996
Dia=0
Vd=0.0001505
no=0.0243183942109285
Dd=0.211100412282238
EBP=170.431018798537
numVC=1
Hc=0
Hg=0
SPLmax=116.024119356992
SPLmaxLF=84.1152105786033
USPL=97.9738463498587
alfaVC=0
Rt=0
Ct=0
gamma=426.666666666667
Rme=32.1254901960784
Mpow=5.66793526745661
Mcost=0
Gloss=0.0117895275933333
VCCon=1
c=343.68275625794
roo=1.20096171470853
Thick=0
Depth=0
MagDepth=0
Magnet=0
Basket=0
Outer=0
Vcd=0
DVol=0
ParState=CEECEENNEENCECCCEECCNCCENNCCCNNNCCCCNCNNNNNNNNNCC
