[Driver]
Brand=RCF
Model=LF15X400
Manufacturer=
ProvidedBy=Matt
Comment=
DateAdded=20130206
DateModified=20130206
Qts=0.249012722830621
Znom=8
Fs=37
Pe=800
SPL=97.1228715669191
Re=5
Le=0.0021
fLe=0
KLe=0
BL=24
Xmax=0.008
Cms=0.000142329021242819
Qms=4.9
Qes=0.262344803190398
Rms=6.167779862762
Mms=0.13
Sd=0.091
Vas=0.167194079876861
Dia=0
Vd=0.000728
no=0.0313935270266704
Dd=0.340389186918298
EBP=141.03576495528
numVC=1
Hc=0
Hg=0
SPLmax=123.153771436838
SPLmaxLF=97.8071081662668
USPL=99.1689002340447
alfaVC=0
Rt=0
Ct=0
gamma=184.615384615385
Rme=115.2
Mpow=10.733126291999
Mcost=0
Gloss=0.0226812770627769
VCCon=1
c=343.68275625794
roo=1.20096171470853
Thick=0
Depth=0
MagDepth=0
Magnet=0
Basket=0
Outer=0
Vcd=0
DVol=0
ParState=CEECEENNEENCECCCEECCNCCENNCCCNNNCCCCNCNNNNNNNNNCC
