[Driver]
Brand=RCF
Model=MB12G301
Manufacturer=
ProvidedBy=Matt
Comment=
DateAdded=20131021
DateModified=20131021
Qts=0.280825283893584
Znom=8
Fs=53
Pe=400
SPL=97.7521194496018
Re=5.4
Le=0.0007
fLe=0
KLe=0
BL=17
Xmax=0.0055
Cms=0.000187865609874395
Qms=4.7
Qes=0.298670887459897
Rms=3.40094115350316
Mms=0.048
Sd=0.053
Vas=0.0748589401332491
Dia=0
Vd=0.0002915
no=0.0362881559428218
Dd=0.259772392434153
EBP=177.452849357862
numVC=1
Hc=0
Hg=0
SPLmax=120.772719362881
SPLmaxLF=89.8572517619067
USPL=99.4639105618579
alfaVC=0
Rt=0
Ct=0
gamma=354.166666666667
Rme=53.5185185185185
Mpow=7.3156352095029
Mcost=0
Gloss=0.0160785362886522
VCCon=1
c=343.68275625794
roo=1.20096171470853
Thick=0
Depth=0
MagDepth=0
Magnet=0
Basket=0
Outer=0
Vcd=0
DVol=0
ParState=CEECEENNEENCECCCEECCNCCENNCCCNNNCCCCNCNNNNNNNNNCC
