[Driver]
Brand=RCF
Model=MB15H401
Manufacturer=
ProvidedBy=Matt
Comment=
DateAdded=20121020
DateModified=20121020
Qts=0.306195281255802
Znom=8
Fs=44
Pe=700
SPL=97.7634461439522
Re=5.4
Le=0.0019
fLe=0
KLe=0
BL=22.1
Xmax=0.0075
Cms=0.000122278790021745
Qms=4.8
Qes=0.327058571080625
Rms=6.16275758879198
Mms=0.107
Sd=0.091
Vas=0.143641048098425
Dia=0
Vd=0.0006825
no=0.036382921435973
Dd=0.340389186918298
EBP=134.532477943082
numVC=1
Hc=0
Hg=0
SPLmax=123.214426544095
SPLmaxLF=97.2465336942619
USPL=99.4752372562083
alfaVC=0
Rt=0
Ct=0
gamma=206.542056074766
Rme=90.4462962962963
Mpow=9.51032577235377
Mcost=0
Gloss=0.0171078062253122
VCCon=1
c=343.68275625794
roo=1.20096171470853
Thick=0
Depth=0
MagDepth=0
Magnet=0
Basket=0
Outer=0
Vcd=0
DVol=0
ParState=CEECEENNEEECECCCEECCNCCENNCCCNNNCCCCNCNNNNNNNNNCC
