[Driver]
Brand=RCF
Model=L8S800
Manufacturer=
ProvidedBy=Matt
Comment=
DateAdded=20120726
DateModified=20120726
Qts=0.409714988257233
Znom=10
Fs=60
Pe=170
SPL=92.0098321197578
Re=6.1
Le=0.0009
fLe=0
KLe=0
BL=10.3
Xmax=0.0058
Cms=0.00033505682421408
Qms=4.1
Qes=0.45520371638215
Rms=1.93093011879178
Mms=0.021
Sd=0.021
Vas=0.0209605032373097
Dia=0
Vd=0.0001218
no=0.00967244271315271
Dd=0.163517676229325
EBP=131.809117194529
numVC=1
Hc=0
Hg=0
SPLmax=111.314321333541
SPLmaxLF=82.2774263459432
USPL=93.1922624801359
alfaVC=0
Rt=0
Ct=0
gamma=490.47619047619
Rme=17.3918032786885
Mpow=4.17034810042142
Mcost=0
Gloss=0.0118968077773723
VCCon=1
c=343.68275625794
roo=1.20096171470853
Thick=0
Depth=0
MagDepth=0
Magnet=0
Basket=0
Outer=0
Vcd=0
DVol=0
ParState=CEECEENNEENCECCCEECCNCCENNCCCNNNCCCCNCNNNNNNNNNCC
