[Driver]
Brand=RCF
Model=L15P530
Manufacturer=
ProvidedBy=Matt
Comment=
DateAdded=20121020
DateModified=20121020
Qts=0.478649055497652
Znom=8
Fs=45
Pe=350
SPL=96.431329497899
Re=5.1
Le=0.00145
fLe=0
KLe=0
BL=15.3
Xmax=0.0065
Cms=0.000150708290409546
Qms=7.5
Qes=0.511278804407751
Rms=3.12902628297543
Mms=0.083
Sd=0.085
Vas=0.154461284772933
Dia=0
Vd=0.0005525
no=0.0267723136317223
Dd=0.328976232123977
EBP=88.014601059253
numVC=1
Hc=0
Hg=0
SPLmax=118.872009941402
SPLmaxLF=95.411126227149
USPL=98.3913564474054
alfaVC=0
Rt=0
Ct=0
gamma=184.33734939759
Rme=45.9
Mpow=6.77495387438173
Mcost=0
Gloss=0.0188722010553871
VCCon=1
c=343.68275625794
roo=1.20096171470853
Thick=0
Depth=0
MagDepth=0
Magnet=0
Basket=0
Outer=0
Vcd=0
DVol=0
ParState=CEECEENNEEECECCCEECCNCCENNCCCNNNCCCCNCNNNNNNNNNCC
