[Driver]
Brand=RCF
Model=L15-554K
Manufacturer=
ProvidedBy=Matt
Comment=
DateAdded=20121020
DateModified=20121020
Qts=0.242632306791616
Znom=10
Fs=35
Pe=600
SPL=97.8462373417948
Re=6.6
Le=0.0017
fLe=0
KLe=0
BL=23
Xmax=0.0058
Cms=0.000227228489890867
Qms=8.6
Qes=0.249676442990968
Rms=2.32697037248453
Mms=0.091
Sd=0.083
Vas=0.222056563819168
Dia=0
Vd=0.0004814
no=0.0370831560249418
Dd=0.325082885143187
EBP=140.181426732622
numVC=1
Hc=0
Hg=0
SPLmax=122.627749845631
SPLmaxLF=94.2146022987862
USPL=98.6865266968619
alfaVC=0
Rt=0
Ct=0
gamma=252.747252747253
Rme=80.1515151515152
Mpow=8.95273785785751
Mcost=0
Gloss=0.0349620473457471
VCCon=1
c=343.68275625794
roo=1.20096171470853
Thick=0
Depth=0
MagDepth=0
Magnet=0
Basket=0
Outer=0
Vcd=0
DVol=0
ParState=CEECEENNEEECECCCEECCNCCENNCCCNNNCCCCNCNNNNNNNNNCC
