[Driver]
Brand=SB acoustics
Model=SB17NRXC35-4 6.5in woofer
Manufacturer=
ProvidedBy=Matt
Comment=
DateAdded=20120724
DateModified=20120724
Qts=0.323287959893845
Znom=4
Fs=35.0252412930144
Pe=60
SPL=88.4660741465151
Re=3.1
Le=0.00013
fLe=0
KLe=0
BL=4.8
Xmax=0.1397
Cms=0.00178
Qms=5.5
Qes=0.343477436187407
Rms=0.464147808196942
Mms=0.0116
Sd=0.0118
Vas=0.035158364556
Dia=0
Vd=0.00164846
no=0.00427720798462596
Dd=0.122573352030019
EBP=101.972466319168
numVC=1
Hc=0
Hg=0
SPLmax=103.247586650352
SPLmaxLF=104.906048848412
USPL=92.5881859186582
alfaVC=0
Rt=0
Ct=0
gamma=413.793103448276
Rme=7.43225806451613
Mpow=2.72621680438591
Mcost=0
Gloss=0.0014494467372942
VCCon=1
c=343.68275625794
roo=1.20096171470853
Thick=0
Depth=0
MagDepth=0
Magnet=0
Basket=0
Outer=0
Vcd=0
DVol=0
ParState=CCECEENNEENEECCCEECCNCCENNCCCNNNCCCCNCNNNNNNNNNCC
