[Driver]
Brand=Selenium
Model=18SWS800
Manufacturer=
ProvidedBy=Matt
Comment=
DateAdded=20120124
DateModified=20120124
Qts=0.418007549332992
Znom=8
Fs=32.4266236919469
Pe=600
SPL=94.4866319664879
Re=5.8
Le=0.003872
fLe=0
KLe=0
BL=24.5
Xmax=0.0065
Cms=0.00011
Qms=13.72
Qes=0.431143198894319
Rms=3.25215775028042
Mms=0.219
Sd=0.1194
Vas=0.222456954258
Dia=0
Vd=0.0007761
no=0.0171086661146556
Dd=0.389903579928908
EBP=75.2107971901356
numVC=1
Hc=0
Hg=0
SPLmax=119.268144470324
SPLmaxLF=98.3628342487301
USPL=95.8880807413443
alfaVC=0
Rt=0
Ct=0
gamma=111.872146118721
Rme=103.491379310345
Mpow=10.1730712820831
Mcost=0
Gloss=0.0363449536153846
VCCon=1
c=343.68275625794
roo=1.20096171470853
Thick=0
Depth=0
MagDepth=0
Magnet=0
Basket=0
Outer=0
Vcd=0
DVol=0
ParState=CCECEENNEENEECCCEECCNCCENNCCCNNNCCCCNCNNNNNNNNNCC
