[Driver]
Brand=Silver Flute
Model=W17RC38-04
Manufacturer=
ProvidedBy=Matt
Comment=
DateAdded=20130324
DateModified=20130324
Qts=0.239124951199198
Znom=6
Fs=37.4857003983574
Pe=80
SPL=88.8032099327142
Re=3.7
Le=0.00053
fLe=0
KLe=0
BL=7.31
Xmax=0.005
Cms=0.001036
Qms=1.52
Qes=0.283766887459533
Rms=2.69619412784075
Mms=0.0174
Sd=0.0132
Vas=0.0256066205472
Dia=0
Vd=6.6E-5
no=0.0046224683635761
Dd=0.129640896288571
EBP=132.100333248724
numVC=1
Hc=0
Hg=0
SPLmax=104.834109802634
SPLmaxLF=76.9553592908434
USPL=92.1569214025301
alfaVC=0
Rt=0
Ct=0
gamma=420.114942528736
Rme=14.4421891891892
Mpow=3.80028804029237
Mcost=0
Gloss=0.035355719112
VCCon=1
c=343.68275625794
roo=1.20096171470853
Thick=0
Depth=0
MagDepth=0
Magnet=0
Basket=0
Outer=0
Vcd=0
DVol=0
ParState=CCECEENNEENEECCCEECCNCCENNCCCNNNCCCCNCNNNNNNNNNCC
