[Driver]
Brand=Silver Flute
Model=W17RC38-08
Manufacturer=
ProvidedBy=Matt
Comment=
DateAdded=20130324
DateModified=20130324
Qts=0.297014682653702
Znom=10
Fs=40.4648357730715
Pe=80
SPL=89.0726399918873
Re=7.3
Le=0.00094
fLe=0
KLe=0
BL=8.26
Xmax=0.005
Cms=0.00114
Qms=1.52
Qes=0.369147782258936
Rms=2.26983302350845
Mms=0.01357
Sd=0.0132
Vas=0.028177169328
Dia=0
Vd=6.6E-5
no=0.00491832194399762
Dd=0.129640896288571
EBP=109.61690065007
numVC=1
Hc=0
Hg=0
SPLmax=105.103539861807
SPLmaxLF=76.9553592908434
USPL=89.4751401011686
alfaVC=0
Rt=0
Ct=0
gamma=608.695652173913
Rme=9.34624657534247
Mpow=3.05716315811611
Mcost=0
Gloss=0.030341382834
VCCon=1
c=343.68275625794
roo=1.20096171470853
Thick=0
Depth=0
MagDepth=0
Magnet=0
Basket=0
Outer=0
Vcd=0
DVol=0
ParState=CCECEENNEENEECCCEECCNCCENNCCCNNNCCCCNCNNNNNNNNNCC
