[Driver]
Brand=SoundStream
Model=SPL170
Manufacturer=
ProvidedBy=Matt
Comment=
DateAdded=20130701
DateModified=20130701
Qts=0.370876950126534
Znom=4
Fs=26.2359154298034
Pe=0
SPL=91.2329896112504
Re=2.24
Le=0.002475
fLe=0
KLe=0
BL=14.75
Xmax=0
Cms=0.00016
Qms=7.43
Qes=0.39036233254066
Rms=5.10287714942904
Mms=0.23
Sd=0.089
Vas=0.1797813528
Dia=0
Vd=0
no=0.00808820062723655
Dd=0.336627864980648
EBP=67.2091368525436
numVC=1
Hc=0
Hg=0
SPLmax=0
SPLmaxLF=0
USPL=96.7662381383946
alfaVC=0
Rt=0
Ct=0
gamma=64.1304347826087
Rme=97.1261160714286
Mpow=9.85525829552065
Mcost=0
Gloss=0
VCCon=1
c=343.68275625794
roo=1.20096171470853
Thick=0
Depth=0
MagDepth=0
Magnet=0
Basket=0
Outer=0
Vcd=0
DVol=0
ParState=CCNCEENNENNEECCCEENCNCCENNNNCNNNCCCCNNNNNNNNNNNCC
