[Driver]
Brand=Stereo Integrity
Model=HT-18 V2 D2
Manufacturer=
ProvidedBy=Matt
Comment=
DateAdded=20171023
DateModified=20171023
Qts=0.419395345888416
Znom=6
Fs=21.67691875809
Pe=600
SPL=90.1270712115583
Re=3.6
Le=0.0051
fLe=0
KLe=0
BL=19.3
Xmax=0.0225
Cms=0.000151
Qms=3.9
Qes=0.469930374606798
Rms=12.4675473815731
Mms=0.357
Sd=0.117841
Vas=0.297450315521653
Dia=0
Vd=0.0026514225
no=0.0062698922208139
Dd=0.387349740145952
EBP=46.1279370932929
numVC=1
Hc=0
Hg=0
SPLmax=114.908583715395
SPLmaxLF=109.034059327791
USPL=93.5997749143712
alfaVC=0
Rt=0
Ct=0
gamma=54.06162464986
Rme=103.469444444444
Mpow=10.1719931402083
Mcost=0
Gloss=0.0234954258466667
VCCon=1
c=343.68275625794
roo=1.20096171470853
Thick=0
Depth=0
MagDepth=0
Magnet=0
Basket=0
Outer=0
Vcd=0
DVol=0
ParState=CCECEENNEENEECCCEECCNCCENNCCCNNNCCCCNCNNNNNNNNNCC
