[Driver]
Brand=Stereo Integrity
Model=DS4-d2
Manufacturer=
ProvidedBy=Matt
Comment=
DateAdded=20160527
DateModified=20160527
Qts=0.497073727243508
Znom=6
Fs=18.7596777043484
Pe=1200
SPL=86.406489974505
Re=3.9
Le=0.0015
fLe=0
KLe=0
BL=19.9
Xmax=0.027
Cms=0.0001283
Qms=2.1
Qes=0.651218240634543
Rms=31.4882705096075
Mms=0.561
Sd=0.1218
Vas=0.27000131607666
Dia=0
Vd=0.0032886
no=0.00266196261377714
Dd=0.393802712723951
EBP=28.8070519739574
numVC=1
Hc=0
Hg=0
SPLmax=114.198302434981
SPLmaxLF=110.904701629123
USPL=89.5315726147258
alfaVC=0
Rt=0
Ct=0
gamma=35.4723707664884
Rme=101.541025641026
Mpow=10.0767567024825
Mcost=0
Gloss=0.0261424586072222
VCCon=1
c=343.68275625794
roo=1.20096171470853
Thick=0
Depth=0
MagDepth=0
Magnet=0
Basket=0
Outer=0
Vcd=0
DVol=0
ParState=CCECEENNEENEECCCEECCNCCENNCCCNNNCCCCNCNNNNNNNNNCC
