[Driver]
Brand=
Model=
Manufacturer=
ProvidedBy=Matt
Comment=
DateAdded=20130125
DateModified=20130125
Qts=0.382671038987884
Znom=6
Fs=17
Pe=600
SPL=88.97
Re=4
Le=0.0032
fLe=0
KLe=0
BL=20.9004190610682
Xmax=0.0235
Cms=0.000209243912982521
Qms=5.8
Qes=0.409702279869498
Rms=7.71419093082933
Mms=0.41887996399163
Sd=0.1178
Vas=0.411896462379689
Dia=0
Vd=0.0027683
no=0.00480344645875764
Dd=0.387282349675017
EBP=41.4935450332738
numVC=1
Hc=0
Hg=0
SPLmax=113.751512503836
SPLmaxLF=109.408743634462
USPL=91.9851287972062
alfaVC=0
Rt=0
Ct=0
gamma=49.8959627046897
Rme=109.206879232065
Mpow=10.4502095305341
Mcost=0
Gloss=0.036575917896125
VCCon=1
c=343.68275625794
roo=1.20096171470853
Thick=0
Depth=0
MagDepth=0
Magnet=0
Basket=0
Outer=0
Vcd=0
DVol=0
ParState=CEEEEENNCENCECCCCECENCCENNCCCNNNCCCCNCNNNNNNNNNCC
