[Driver]
Brand=Stereo Integrity
Model=HT15 D2
Manufacturer=
ProvidedBy=Matt
Comment=
DateAdded=20140429
DateModified=20140429
Qts=0.351652865524772
Znom=6
Fs=18.520040900191
Pe=1000
SPL=87.7595562050292
Re=3.7
Le=0.0035
fLe=0
KLe=0
BL=18.9
Xmax=0.0225
Cms=0.000239
Qms=6.3
Qes=0.372441789747953
Rms=5.70741877802944
Mms=0.309
Sd=0.0804
Vas=0.2191566466152
Dia=0
Vd=0.001809
no=0.00363503481511128
Dd=0.319950714011873
EBP=49.726001243642
numVC=1
Hc=0
Hg=0
SPLmax=114.759556205029
SPLmaxLF=105.713251917202
USPL=91.1132676748451
alfaVC=0
Rt=0
Ct=0
gamma=61.1650485436893
Rme=96.5432432432432
Mpow=9.82564212879969
Mcost=0
Gloss=0.0321880404066667
VCCon=1
c=343.68275625794
roo=1.20096171470853
Thick=0
Depth=0
MagDepth=0
Magnet=0
Basket=0
Outer=0
Vcd=0
DVol=0
ParState=CCECEENNEENEECCCEECCNCCENNCCCNNNCCCCNCNNNNNNNNNCC
