[Driver]
Brand=Stereo Integrity
Model=HT 18 D4
Manufacturer=
ProvidedBy=Matt
Comment=
DateAdded=20130125
DateModified=20130125
Qts=0.581217559785005
Znom=2
Fs=19.5584926507717
Pe=1000
SPL=88.9130973993215
Re=1.81
Le=0.00167
fLe=0
KLe=0
BL=9.6
Xmax=0.0235
Cms=0.00023
Qms=3.554
Qes=0.694853138101327
Rms=9.95495934973562
Mms=0.2879
Sd=0.1178
Vas=0.452754801785997
Dia=0
Vd=0.0027683
no=0.00474092073389283
Dd=0.387282349675017
EBP=28.1476639858243
numVC=1
Hc=0
Hg=0
SPLmax=115.913097399322
SPLmaxLF=109.408743634462
USPL=95.3720403611155
alfaVC=0
Rt=0
Ct=0
gamma=33.344911427579
Rme=50.9171270718232
Mpow=7.1356238039728
Mcost=0
Gloss=0.0276326358744681
VCCon=1
c=343.68275625794
roo=1.20096171470853
Thick=0
Depth=0
MagDepth=0
Magnet=0
Basket=0
Outer=0
Vcd=0
DVol=0
ParState=CCECEENNEENEECCCEECCNCCENNCCCNNNCCCCNCNNNNNNNNNCC
