[Driver]
Brand=Stereo Integrity
Model=HT 18 D4 series
Manufacturer=
ProvidedBy=Matt
Comment=
DateAdded=20130125
DateModified=20130125
Qts=0.534509764837215
Znom=10
Fs=19.5932912365475
Pe=1000
SPL=88.8991414567895
Re=7.02
Le=0.00672
fLe=0
KLe=0
BL=20.6
Xmax=0.0235
Cms=0.00021
Qms=3.246
Qes=0.639876431846135
Rms=11.9163960121959
Mms=0.3142
Sd=0.1178
Vas=0.413384819021998
Dia=0
Vd=0.0027683
no=0.00472571035806425
Dd=0.387282349675017
EBP=30.6204296039128
numVC=1
Hc=0
Hg=0
SPLmax=115.89914145679
SPLmaxLF=109.408743634462
USPL=89.4714990459773
alfaVC=0
Rt=0
Ct=0
gamma=65.5633354551241
Rme=60.4501424501425
Mpow=7.77496896779289
Mcost=0
Gloss=0.0275345693744681
VCCon=1
c=343.68275625794
roo=1.20096171470853
Thick=0
Depth=0
MagDepth=0
Magnet=0
Basket=0
Outer=0
Vcd=0
DVol=0
ParState=CCECEENNEENEECCCEECCNCCENNCCCNNNCCCCNCNNNNNNNNNCC
