[Driver]
Brand=Stereo Integrity
Model=HS24-D2
Manufacturer=
ProvidedBy=Matt
Comment=
DateAdded=20150329
DateModified=20150329
Qts=0.541288562299533
Znom=6
Fs=20.2235792412088
Pe=1500
SPL=91.4116716198808
Re=3.7
Le=0.00379
fLe=0
KLe=0
BL=23.6
Xmax=0.036
Cms=9.23E-5
Qms=12.2
Qes=0.566419410527652
Rms=6.988767277082
Mms=0.671
Sd=0.2129
Vas=0.593468499297765
Dia=0
Vd=0.0076644
no=0.00842791440531285
Dd=0.520646424240209
EBP=35.7042482396029
numVC=1
Hc=0
Hg=0
SPLmax=120.172584210438
SPLmaxLF=118.254043824118
USPL=94.7653830896966
alfaVC=0
Rt=0
Ct=0
gamma=35.1713859910581
Rme=150.52972972973
Mpow=12.2690557798769
Mcost=0
Gloss=0.0168710610123611
VCCon=1
c=343.68275625794
roo=1.20096171470853
Thick=0
Depth=0
MagDepth=0
Magnet=0
Basket=0
Outer=0
Vcd=0
DVol=0
ParState=CCECEENNEENEECCCEECCNCCENNCCCNNNCCCCNCNNNNNNNNNCC
