[Driver]
Brand=Stereo Integrity
Model=HST-18 mkII D2
Manufacturer=
ProvidedBy=Matt
Comment=
DateAdded=20171023
DateModified=20171023
Qts=0.332388913455
Znom=6
Fs=15.6100288937678
Pe=2000
SPL=86.9080577543633
Re=3.8
Le=0.0042
fLe=0
KLe=0
BL=27.3
Xmax=0.038
Cms=0.000146
Qms=5
Qes=0.356058921032597
Rms=13.9666922766518
Mms=0.712
Sd=0.11784
Vas=0.287596086176446
Dia=0
Vd=0.00447792
no=0.00298784958038201
Dd=0.387348096615424
EBP=43.8411396869303
numVC=1
Hc=0
Hg=0
SPLmax=116.918357711003
SPLmaxLF=113.586007189034
USPL=90.145950498681
alfaVC=0
Rt=0
Ct=0
gamma=38.3426966292135
Rme=196.128947368421
Mpow=14.0046045059624
Mcost=0
Gloss=0.0268268652842105
VCCon=1
c=343.68275625794
roo=1.20096171470853
Thick=0
Depth=0
MagDepth=0
Magnet=0
Basket=0
Outer=0
Vcd=0
DVol=0
ParState=CCECEENNEENEECCCEECCNCCENNCCCNNNCCCCNCNNNNNNNNNCC
