[Driver]
Brand=Stereo Integrity
Model=HST18 D2
Manufacturer=
ProvidedBy=Matt
Comment=
DateAdded=20150917
DateModified=20150917
Qts=0.393463760943068
Znom=6
Fs=16.4545735059862
Pe=1500
SPL=86.5728514620858
Re=3.9
Le=0.004
fLe=0
KLe=0
BL=25.9
Xmax=0.035
Cms=0.000135
Qms=7.1
Qes=0.416547768194661
Rms=10.0911667888285
Mms=0.693
Sd=0.117839
Vas=0.265923374549866
Dia=0
Vd=0.004124365
no=0.00276591035637628
Dd=0.387346453077922
EBP=39.5022486311741
numVC=1
Hc=0
Hg=0
SPLmax=115.333764052643
SPLmaxLF=112.871622434211
USPL=89.6979341023066
alfaVC=0
Rt=0
Ct=0
gamma=37.3737373737374
Rme=172.002564102564
Mpow=13.1149748037335
Mcost=0
Gloss=0.02621317545
VCCon=1
c=343.68275625794
roo=1.20096171470853
Thick=0
Depth=0
MagDepth=0
Magnet=0
Basket=0
Outer=0
Vcd=0
DVol=0
ParState=CCECEENNEENEECCCEECCNCCENNCCCNNNCCCCNCNNNNNNNNNCC
