[Driver]
Brand=Stereo Integrity
Model=HS24 MKII D2
Manufacturer=
ProvidedBy=Matt
Comment=
DateAdded=20170728
DateModified=20170728
Qts=0.432044303844994
Znom=6
Fs=19.3141664732603
Pe=2000
SPL=90.7801896391277
Re=4.2
Le=0.004
fLe=0
KLe=0
BL=31.25
Xmax=0.038
Cms=7.57E-5
Qms=5.6
Qes=0.468163475807668
Rms=19.4383883649416
Mms=0.897
Sd=0.21294
Vas=0.486917100325165
Dia=0
Vd=0.00809172
no=0.00728738841965144
Dd=0.520695331893715
EBP=41.2551757480435
numVC=1
Hc=0
Hg=0
SPLmax=120.790489595768
SPLmaxLF=118.725297506967
USPL=93.5834254456345
alfaVC=0
Rt=0
Ct=0
gamma=34.8383500557414
Rme=232.514880952381
Mpow=15.2484386398208
Mcost=0
Gloss=0.0175236835338158
VCCon=1
c=343.68275625794
roo=1.20096171470853
Thick=0
Depth=0
MagDepth=0
Magnet=0
Basket=0
Outer=0
Vcd=0
DVol=0
ParState=CCECEENNEENEECCCEECCNCCENNCCCNNNCCCCNCNNNNNNNNNCC
