[Driver]
Brand=Stereo Integrity
Model=SHS-24
Manufacturer=
ProvidedBy=Matt
Comment=
DateAdded=20171023
DateModified=20171023
Qts=0.398175414926322
Znom=4
Fs=27.2709638404455
Pe=5000
SPL=91.8396930607431
Re=2
Le=0.0023
fLe=0
KLe=0
BL=29.46
Xmax=0.047
Cms=3.14E-5
Qms=5.66
Qes=0.428306343559233
Rms=32.8377630566937
Mms=1.0847
Sd=0.21294
Vas=0.201970897624968
Dia=0
Vd=0.01000818
no=0.00930084186165716
Dd=0.520695331893715
EBP=63.6716318834397
numVC=1
Hc=0
Hg=0
SPLmax=125.829393104103
SPLmaxLF=120.571582733345
USPL=97.8651218145891
alfaVC=0
Rt=0
Ct=0
gamma=27.1595832949203
Rme=433.9458
Mpow=20.8313657737557
Mcost=0
Gloss=0.00710660383419149
VCCon=1
c=343.68275625794
roo=1.20096171470853
Thick=0
Depth=0
MagDepth=0
Magnet=0
Basket=0
Outer=0
Vcd=0
DVol=0
ParState=CCECEENNEENEECCCEECCNCCENNCCCNNNCCCCNCNNNNNNNNNCC
