[Driver]
Brand=Stereo Integrity
Model=HST-12 mkII D2
Manufacturer=
ProvidedBy=Matt
Comment=
DateAdded=20171023
DateModified=20171023
Qts=0.405318432263824
Znom=4
Fs=19
Pe=2000
SPL=79.3720684104302
Re=3.11
Le=0.0028
fLe=0
KLe=0
BL=22.9
Xmax=0.038
Cms=0.000112627647966387
Qms=5
Qes=0.441073474068331
Rms=14.874812896217
Mms=0.623
Sd=0.0467
Vas=0.0348436324525046
Dia=0
Vd=0.0017746
no=0.000526938335531096
Dd=0.243844800516911
EBP=43.0767233058692
numVC=1
Hc=0
Hg=0
SPLmax=109.38236836707
SPLmaxLF=105.546490123664
USPL=83.4801932306476
alfaVC=0
Rt=0
Ct=0
gamma=36.7576243980738
Rme=168.620578778135
Mpow=12.9853986761337
Mcost=0
Gloss=0.0181079855949506
VCCon=1
c=343.68275625794
roo=1.20096171470853
Thick=0
Depth=0
MagDepth=0
Magnet=0
Basket=0
Outer=0
Vcd=0
DVol=0
ParState=CEECEENNEEECECCCEECCNCCENNCCCNNNCCCCNCNNNNNNNNNCC
