[Driver]
Brand=Stereo Integrity
Model=BM mkV D2
Manufacturer=
ProvidedBy=Matt
Comment=
DateAdded=20171023
DateModified=20171023
Qts=0.512375100514002
Znom=6
Fs=28.6018085780843
Pe=500
SPL=83.50061648804
Re=4.1
Le=0.0034
fLe=0
KLe=0
BL=23.4
Xmax=0.014
Cms=7.51E-5
Qms=6.7
Qes=0.554803051123701
Rms=11.0588991144264
Mms=0.4123
Sd=0.05586
Vas=0.0332419466242456
Dia=0
Vd=0.00078204
no=0.00136337272996907
Dd=0.266689259192991
EBP=51.5530845047699
numVC=1
Hc=0
Hg=0
SPLmax=107.4903165314
SPLmaxLF=98.4290599208705
USPL=86.4085066313285
alfaVC=0
Rt=0
Ct=0
gamma=56.7547902013097
Rme=133.551219512195
Mpow=11.5564362808002
Mcost=0
Gloss=0.02168931877175
VCCon=1
c=343.68275625794
roo=1.20096171470853
Thick=0
Depth=0
MagDepth=0
Magnet=0
Basket=0
Outer=0
Vcd=0
DVol=0
ParState=CCECEENNEENEECCCEECCNCCENNCCCNNNCCCCNCNNNNNNNNNCC
