[Driver]
Brand=Stereo Integrity
Model=IB-24
Manufacturer=
ProvidedBy=Matt
Comment=
DateAdded=20171023
DateModified=20171023
Qts=0.6981688774305
Znom=8
Fs=28.4
Pe=1000
SPL=91.7453832186905
Re=5.8
Le=0.005
fLe=0
KLe=0
BL=28
Xmax=0.03
Cms=5.13159249193064E-5
Qms=5.14
Qes=0.80790735418974
Rms=21.2464566511726
Mms=0.612
Sd=0.21294
Vas=0.33007399421681
Dia=0
Vd=0.0063882
no=0.00910104530109192
Dd=0.520695331893715
EBP=35.1525454654175
numVC=1
Hc=0
Hg=0
SPLmax=118.745383218691
SPLmaxLF=116.672050669024
USPL=93.1468319935469
alfaVC=0
Rt=0
Ct=0
gamma=45.7516339869281
Rme=135.172413793103
Mpow=11.6263671795236
Mcost=0
Gloss=0.0102660412282423
VCCon=1
c=343.68275625794
roo=1.20096171470853
Thick=0
Depth=0
MagDepth=0
Magnet=0
Basket=0
Outer=0
Vcd=0
DVol=0
ParState=CEECEENNEENCECCCEECCNCCENNCCCNNNCCCCNCNNNNNNNNNCC
