[Driver]
Brand=Stereo Integrity
Model=HST-11 MKII
Manufacturer=
ProvidedBy=Matt
Comment=
DateAdded=20170725
DateModified=20170725
Qts=0.349507385301609
Znom=2
Fs=17
Pe=2000
SPL=77.59322372811
Re=1.8
Le=0.0025
fLe=0
KLe=0
BL=18.2
Xmax=0.038
Cms=0.000140012911718189
Qms=9.17
Qes=0.363356431802347
Rms=7.29178386466796
Mms=0.626
Sd=0.0366
Vas=0.0266057132590898
Dia=0
Vd=0.0013908
no=0.000349844722657356
Dd=0.215871645514891
EBP=46.7860164623353
numVC=1
Hc=0
Hg=0
SPLmax=107.60352368475
SPLmaxLF=103.42977422023
USPL=84.0762273875628
alfaVC=0
Rt=0
Ct=0
gamma=29.073482428115
Rme=184.022222222222
Mpow=13.5654790634987
Mcost=0
Gloss=0.0226193176462878
VCCon=1
c=343.68275625794
roo=1.20096171470853
Thick=0
Depth=0
MagDepth=0
Magnet=0
Basket=0
Outer=0
Vcd=0
DVol=0
ParState=CEECEENNEENCECCCEECCNCCENNCCCNNNCCCCNCNNNNNNNNNCC
