[Driver]
Brand=Stereo Integrity
Model=HST18 D1
Manufacturer=
ProvidedBy=Matt
Comment=
DateAdded=20150917
DateModified=20150917
Qts=0.403142592769941
Znom=2
Fs=16.3703616996434
Pe=1500
SPL=86.4089337704234
Re=1.78
Le=0.0019
fLe=0
KLe=0
BL=17.22
Xmax=0.035
Cms=0.000136
Qms=6.66
Qes=0.429117925037777
Rms=10.733681860746
Mms=0.695
Sd=0.117839
Vas=0.26789317732431
Dia=0
Vd=0.004124365
no=0.00266346093444772
Dd=0.387346453077922
EBP=38.1488647862992
numVC=1
Hc=0
Hg=0
SPLmax=115.16984636098
SPLmaxLF=112.871622434211
USPL=92.9404624578202
alfaVC=0
Rt=0
Ct=0
gamma=24.7769784172662
Rme=166.588988764045
Mpow=12.9069356845087
Mcost=0
Gloss=0.0264835588
VCCon=1
c=343.68275625794
roo=1.20096171470853
Thick=0
Depth=0
MagDepth=0
Magnet=0
Basket=0
Outer=0
Vcd=0
DVol=0
ParState=CCECEENNEENEECCCEECCNCCENNCCCNNNCCCCNCNNNNNNNNNCC
