[Driver]
Brand=Tand Band
Model=W5-704D
Manufacturer=
ProvidedBy=Matt
Comment=
DateAdded=20130323
DateModified=20130323
Qts=0.378822491574715
Znom=8
Fs=58.6750171810762
Pe=28
SPL=89.0530759975698
Re=6
Le=6.3E-5
fLe=0
KLe=0
BL=6.17
Xmax=0.0033
Cms=0.000922
Qms=2.07
Qes=0.463678445138394
Rms=1.42123416748221
Mms=0.00798
Sd=0.0094
Vas=0.0115566317916
Dia=0
Vd=3.102E-5
no=0.00489621583344346
Dd=0.109400419197143
EBP=126.542473121785
numVC=1
Hc=0
Hg=0
SPLmax=100.524656310992
SPLmaxLF=70.3973164495577
USPL=90.3072922042191
alfaVC=0
Rt=0
Ct=0
gamma=773.182957393484
Rme=6.34481666666667
Mpow=2.51889195216203
Mcost=0
Gloss=0.0218645502345455
VCCon=1
c=343.68275625794
roo=1.20096171470853
Thick=0
Depth=0
MagDepth=0
Magnet=0
Basket=0
Outer=0
Vcd=0
DVol=0
ParState=CCECEENNEENEECCCEECCNCCENNCCCNNNCCCCNCNNNNNNNNNCC
