[Driver]
Brand=Tang Band
Model=W6-1139SI
Manufacturer=
ProvidedBy=Matt
Comment=
DateAdded=20131115
DateModified=20131115
Qts=0.399198717948718
Znom=6
Fs=38
Pe=70
SPL=83.4173177692437
Re=3.6
Le=0.00034
fLe=0
KLe=0
BL=8.70158372868462
Xmax=0.013
Cms=0.000423686446133915
Qms=2.65
Qes=0.47
Rms=3.73032001174374
Mms=0.0414026842983323
Sd=0.014
Vas=0.01178
Dia=0
Vd=0.000182
no=0.00133747209957595
Dd=0.133511623562491
EBP=80.8510638297872
numVC=1
Hc=0
Hg=0
SPLmax=98.8682981693863
SPLmaxLF=85.7659083397075
USPL=86.8900214720566
alfaVC=0
Rt=0
Ct=0
gamma=210.169554852634
Rme=21.0326553853636
Mpow=4.58613730555068
Mcost=0
Gloss=0.0132327587040024
VCCon=1
c=343.68275625794
roo=1.20096171470853
Thick=0
Depth=0
MagDepth=0
Magnet=0
Basket=0
Outer=0
Vcd=0
DVol=0
ParState=CEECEENNCENCEECCCECENCCENNCCCNNNCCCCNCNNNNNNNNNCC
