[Driver]
Brand=Tangband
Model=W6-1139SIF
Manufacturer=
ProvidedBy=Matt
Comment=
DateAdded=20120223
DateModified=20120223
Qts=0.354772712025744
Znom=6
Fs=32.5516574748781
Pe=50
SPL=83.5019553325875
Re=3.6
Le=0.00047
fLe=0
KLe=0
BL=8.47
Xmax=0.0115
Cms=0.00059898
Qms=2.65
Qes=0.409609842037903
Rms=3.08027030572925
Mms=0.03991
Sd=0.014
Vas=0.0166537883484
Dia=0
Vd=0.000161
no=0.00136379309578296
Dd=0.133511623562491
EBP=79.4699104712085
numVC=1
Hc=0
Hg=0
SPLmax=97.4916553759477
SPLmaxLF=84.700998100643
USPL=86.9746590354005
alfaVC=0
Rt=0
Ct=0
gamma=212.227511901779
Rme=19.9280277777778
Mpow=4.46408196360436
Mcost=0
Gloss=0.0203852895504756
VCCon=1
c=343.68275625794
roo=1.20096171470853
Thick=0
Depth=0
MagDepth=0
Magnet=0
Basket=0
Outer=0
Vcd=0
DVol=0
ParState=CCECEENNEENEECCCEECCNCCENNCCCNNNCCCCNCNNNNNNNNNCC
