[Driver]
Brand=Tang Band
Model=W6-789E
Manufacturer=
ProvidedBy=Matt
Comment=
DateAdded=20130507
DateModified=20130507
Qts=0.458043418913168
Znom=8
Fs=49.247784761982
Pe=15
SPL=92.0478206874415
Re=6
Le=0.000128
fLe=0
KLe=0
BL=5.13
Xmax=0.00425
Cms=0.001492
Qms=6.32
Qes=0.493834160572118
Rms=0.342726377119208
Mms=0.007
Sd=0.014
Vas=0.04148294136
Dia=0
Vd=5.95E-5
no=0.00975742053344888
Dd=0.133511623562491
EBP=99.7253505203595
numVC=1
Hc=0
Hg=0
SPLmax=100.808733277998
SPLmaxLF=76.054819894577
USPL=93.3020368940909
alfaVC=0
Rt=0
Ct=0
gamma=732.857142857143
Rme=4.38615
Mpow=2.09431373007962
Mcost=0
Gloss=0.0240989770823529
VCCon=1
c=343.68275625794
roo=1.20096171470853
Thick=0
Depth=0
MagDepth=0
Magnet=0
Basket=0
Outer=0
Vcd=0
DVol=0
ParState=CCECEENNEENEECCCEECCNCCENNCCCNNNCCCCNCNNNNNNNNNCC
