[Driver]
Brand=Tang Band
Model=W5-1138SM
Manufacturer=
ProvidedBy=Matt
Comment=
DateAdded=20161127
DateModified=20161127
Qts=0.476152493609969
Znom=6
Fs=45.5183820474248
Pe=40
SPL=82.0843626495091
Re=3.4
Le=0.00025
fLe=0
KLe=0
BL=6.51
Xmax=0.00925
Cms=0.00049
Qms=2.83
Qes=0.572471901114282
Rms=2.521452547954
Mms=0.02495
Sd=0.0094
Vas=0.006141810822
Dia=0
Vd=8.695E-5
no=0.000983986679226665
Dd=0.109400419197143
EBP=79.5119934425184
numVC=1
Hc=0
Hg=0
SPLmax=95.1049625627887
SPLmaxLF=79.3498723067807
USPL=85.8053021895723
alfaVC=0
Rt=0
Ct=0
gamma=260.921843687375
Rme=12.4647352941176
Mpow=3.53054320099863
Mcost=0
Gloss=0.0129612107648649
VCCon=1
c=343.68275625794
roo=1.20096171470853
Thick=0
Depth=0
MagDepth=0
Magnet=0
Basket=0
Outer=0
Vcd=0
DVol=0
ParState=CCECEENNEENEECCCEECCNCCENNCCCNNNCCCCNCNNNNNNNNNCC
