[Driver]
Brand=Tang Band
Model=W5-1880 5in fullrange
Manufacturer=
ProvidedBy=Matt
Comment=
DateAdded=20120219
DateModified=20120219
Qts=0.31647727139886
Znom=10
Fs=41.4123507775778
Pe=30
SPL=88.9174296070297
Re=6.3
Le=2.3E-5
fLe=0
KLe=0
BL=5.46
Xmax=0.005
Cms=0.00211
Qms=1.78
Qes=0.384913422990302
Rms=1.02326422336523
Mms=0.007
Sd=0.0094
Vas=0.026447389458
Dia=0
Vd=4.7E-5
no=0.00474565229313397
Dd=0.109400419197143
EBP=107.588741530121
numVC=1
Hc=0
Hg=0
SPLmax=100.688642154226
SPLmaxLF=74.0064377387204
USPL=89.9597528229797
alfaVC=0
Rt=0
Ct=0
gamma=780
Rme=4.732
Mpow=2.1753160689886
Mcost=0
Gloss=0.0289688441
VCCon=1
c=343.68275625794
roo=1.20096171470853
Thick=0
Depth=0
MagDepth=0
Magnet=0
Basket=0
Outer=0
Vcd=0
DVol=0
ParState=CCECEENNEENEECCCEECCNCCENNCCCNNNCCCCNCNNNNNNNNNCC
