[Driver]
Brand=TC Sounds
Model=LMS-R 12in
Manufacturer=
ProvidedBy=Matt
Comment=
DateAdded=20130313
DateModified=20130313
Qts=0.434788916029843
Znom=6
Fs=28.0473733619143
Pe=1000
SPL=84.7362556734926
Re=3.96
Le=0.0047
fLe=0
KLe=0
BL=20.5
Xmax=0.0294
Cms=0.000115
Qms=6.7
Qes=0.464962105563086
Rms=7.36470393724133
Mms=0.28
Sd=0.049062
Vas=0.0392674757961213
Dia=0
Vd=0.0014424228
no=0.00181208481719378
Dd=0.249935348728019
EBP=60.3218477943443
numVC=1
Hc=0
Hg=0
SPLmax=111.736255673493
SPLmaxLF=103.746332150964
USPL=87.7950325247232
alfaVC=0
Rt=0
Ct=0
gamma=73.2142857142857
Rme=106.123737373737
Mpow=10.3016376064069
Mcost=0
Gloss=0.0107406166666667
VCCon=1
c=343.68275625794
roo=1.20096171470853
Thick=0
Depth=0
MagDepth=0
Magnet=0
Basket=0
Outer=0
Vcd=0
DVol=0
ParState=CCECEENNEENEECCCEECCNCCENNCCCNNNCCCCNCNNNNNNNNNCC
