[Driver]
Brand=TC Sounds
Model=LMS Ultra 5400
Manufacturer=
ProvidedBy=Matt
Comment=
DateAdded=20111020
DateModified=20111020
Qts=0.325492119343458
Znom=6
Fs=20.5262987561928
Pe=2000
SPL=89.9302182140274
Re=3.78
Le=0.0028
fLe=0
KLe=0
BL=26.8
Xmax=0.038
Cms=0.00012
Qms=7.6
Qes=0.340056007580683
Rms=8.5018736732369
Mms=0.501
Sd=0.1193
Vas=0.242273984274
Dia=0
Vd=0.0045334
no=0.00599204099055372
Dd=0.389740269521774
EBP=60.3615236861319
numVC=1
Hc=0
Hg=0
SPLmax=119.940518170667
SPLmaxLF=113.692961385749
USPL=93.191028926141
alfaVC=0
Rt=0
Ct=0
gamma=53.4930139720559
Rme=190.010582010582
Mpow=13.7844325966135
Mcost=0
Gloss=0.0155151525789474
VCCon=1
c=343.68275625794
roo=1.20096171470853
Thick=0
Depth=0
MagDepth=0
Magnet=0
Basket=0
Outer=0
Vcd=0
DVol=0
ParState=CCECEENNEENEECCCEECCNCCENNCCCNNNCCCCNCNNNNNNNNNCC
