[Driver]
Brand=TC Sounds
Model=Epic 12in
Manufacturer=
ProvidedBy=Matt
Comment=
DateAdded=20120111
DateModified=20120111
Qts=0.390712376293321
Znom=6
Fs=24.0353355432874
Pe=500
SPL=86.9426952238478
Re=3.66
Le=0.0032
fLe=0
KLe=0
BL=14.8
Xmax=0.0229
Cms=0.000269
Qms=7.8
Qes=0.411315728294441
Rms=3.15589873636032
Mms=0.163
Sd=0.0490322580645161
Vas=0.0917404183642034
Dia=0
Vd=0.00112283870967742
no=0.00301177467142453
Dd=0.249859580435495
EBP=58.4352454571872
numVC=1
Hc=0
Hg=0
SPLmax=110.932395267208
SPLmaxLF=101.570828109014
USPL=90.3436130803895
alfaVC=0
Rt=0
Ct=0
gamma=90.7975460122699
Rme=59.8469945355191
Mpow=7.73608392764189
Mcost=0
Gloss=0.0187769512030568
VCCon=1
c=343.68275625794
roo=1.20096171470853
Thick=0
Depth=0
MagDepth=0
Magnet=0
Basket=0
Outer=0
Vcd=0
DVol=0
ParState=CCECEENNEEEEECCCEECCNCCENNCCCNNNCCCCNCNNNNNNNNNCC
