[Driver]
Brand=Tymphany
Model=FSL-0818R01-08
Manufacturer=
ProvidedBy=Matt
Comment=
DateAdded=20141007
DateModified=20141007
Qts=0.34678567700335
Znom=8
Fs=75.4997168025306
Pe=220
SPL=94.1982874783294
Re=5.5
Le=0.00035
fLe=0
KLe=0
BL=11.41
Xmax=0.0022
Cms=0.000225
Qms=2.8
Qes=0.395807201395794
Rms=3.3460641244179
Mms=0.01975
Sd=0.02178
Vas=0.01514059411095
Dia=0
Vd=4.7916E-5
no=0.016009645005365
Dd=0.166526746453331
EBP=190.748719417648
numVC=1
Hc=0
Hg=0
SPLmax=114.622514286551
SPLmaxLF=74.1740917048453
USPL=95.8303892938727
alfaVC=0
Rt=0
Ct=0
gamma=577.721518987342
Rme=23.6705636363636
Mpow=4.86524034723503
Mcost=0
Gloss=0.0198083186079545
VCCon=1
c=343.68275625794
roo=1.20096171470853
Thick=0
Depth=0
MagDepth=0
Magnet=0
Basket=0
Outer=0
Vcd=0
DVol=0
ParState=CCECEENNEENEECCCEECCNCCENNCCCNNNCCCCNCNNNNNNNNNCC
