[Driver]
Brand=Tymphany
Model=FSL-0615R02-08
Manufacturer=
ProvidedBy=Matt
Comment=
DateAdded=20161007
DateModified=20161007
Qts=0.397109595055583
Znom=8
Fs=79.6801258342536
Pe=100
SPL=93.0461933262348
Re=5.14
Le=0.00034
fLe=0
KLe=0
BL=7.37
Xmax=0.0026
Cms=0.000403
Qms=2.59
Qes=0.469022003505018
Rms=1.91366233960171
Mms=0.0099
Sd=0.01431
Vas=0.0117065510071965
Dia=0
Vd=3.7206E-5
no=0.0122792625922211
Dd=0.134981694629902
EBP=169.885688174118
numVC=1
Hc=0
Hg=0
SPLmax=110.046193326235
SPLmaxLF=71.9767402146179
USPL=94.9722908467678
alfaVC=0
Rt=0
Ct=0
gamma=744.444444444444
Rme=10.5674902723735
Mpow=3.25076764355337
Mcost=0
Gloss=0.015048304425
VCCon=1
c=343.68275625794
roo=1.20096171470853
Thick=0
Depth=0
MagDepth=0
Magnet=0
Basket=0
Outer=0
Vcd=0
DVol=0
ParState=CCECEENNEENEECCCEECCNCCENNCCCNNNCCCCNCNNNNNNNNNCC
