[Driver]
Brand=Vifa
Model=NE265W-08
Manufacturer=
ProvidedBy=Matt
Comment=
DateAdded=20120413
DateModified=20120413
Qts=0.297966389147075
Znom=10
Fs=22.9680182576825
Pe=190
SPL=87.9207500277638
Re=6.2
Le=0.00053
fLe=0
KLe=0
BL=14.7
Xmax=0.00935
Cms=0.000648
Qms=10.33
Qes=0.306816436157015
Rms=1.0351928877552
Mms=0.0741
Sd=0.03269
Vas=0.098231210329644
Dia=0
Vd=0.0003056515
no=0.00377248878195274
Dd=0.204015197270675
EBP=74.8591520889984
numVC=1
Hc=0
Hg=0
SPLmax=107.708286037292
SPLmaxLF=90.2690112090638
USPL=89.032561843267
alfaVC=0
Rt=0
Ct=0
gamma=198.380566801619
Rme=34.8532258064516
Mpow=5.90366206743337
Mcost=0
Gloss=0.0503619199700535
VCCon=1
c=343.68275625794
roo=1.20096171470853
Thick=0
Depth=0
MagDepth=0
Magnet=0
Basket=0
Outer=0
Vcd=0
DVol=0
ParState=CCECEENNEENEECCCEECCNCCENNCCCNNNCCCCNCNNNNNNNNNCC
