[Driver]
Brand=vifa
Model=NE123W-08
Manufacturer=
ProvidedBy=Matt
Comment=
DateAdded=20120202
DateModified=20120202
Qts=0.347088914507632
Znom=10
Fs=61.326489826012
Pe=90
SPL=87.6894712507372
Re=6.3
Le=6E-5
fLe=0
KLe=0
BL=5.53
Xmax=0.0031
Cms=0.001433
Qms=4.98
Qes=0.373092157900611
Rms=0.363660801030879
Mms=0.0047
Sd=0.00541
Vas=0.0059495671244415
Dia=0
Vd=1.6771E-5
no=0.00357684465895039
Dd=0.0829953368389889
EBP=164.373569712899
numVC=1
Hc=0
Hg=0
SPLmax=104.23189634513
SPLmaxLF=65.0556597588229
USPL=88.7317944666872
alfaVC=0
Rt=0
Ct=0
gamma=1176.59574468085
Rme=4.85411111111111
Mpow=2.20320473653973
Mcost=0
Gloss=0.0213060543274194
VCCon=1
c=343.68275625794
roo=1.20096171470853
Thick=0
Depth=0
MagDepth=0
Magnet=0
Basket=0
Outer=0
Vcd=0
DVol=0
ParState=CCECEENNEENEECCCEECCNCCENNCCCNNNCCCCNCNNNNNNNNNCC
