[Driver]
Brand=Vifa
Model=NE316W-8
Manufacturer=
ProvidedBy=Matt
Comment=
DateAdded=20130313
DateModified=20130313
Qts=0.345896102193415
Znom=10
Fs=20.0891729189185
Pe=190
SPL=87.7288810748652
Re=6.3
Le=0.00054
fLe=0
KLe=0
BL=17.68
Xmax=0.00935
Cms=0.000448
Qms=11.72
Qes=0.356415094686148
Rms=1.50887217201939
Mms=0.1401
Sd=0.05067
Vas=0.163164047741856
Dia=0
Vd=0.0004737645
no=0.00360945026268031
Dd=0.253998125449246
EBP=56.3645401623875
numVC=1
Hc=0
Hg=0
SPLmax=107.516417084393
SPLmaxLF=94.0757308832698
USPL=88.7712042908152
alfaVC=0
Rt=0
Ct=0
gamma=126.195574589579
Rme=49.616253968254
Mpow=7.04388060434403
Mcost=0
Gloss=0.0658302059807487
VCCon=1
c=343.68275625794
roo=1.20096171470853
Thick=0
Depth=0
MagDepth=0
Magnet=0
Basket=0
Outer=0
Vcd=0
DVol=0
ParState=CCECEENNEENEECCCEECCNCCENNCCCNNNCCCCNCNNNNNNNNNCC
