[Driver]
Brand=Vifa 
Model=NE315W-04
Manufacturer=
ProvidedBy=Matt
Comment=
DateAdded=20110717
DateModified=20110717
Qts=0.316621621253622
Znom=4
Fs=19.9413990517309
Pe=150
SPL=89.0206824558848
Re=2.8
Le=0.00038
fLe=0
KLe=0
BL=11.12
Xmax=0.009
Cms=0.0005592
Qms=15.6
Qes=0.323180985849651
Rms=0.914898143238257
Mms=0.11391
Sd=0.05067
Vas=0.203663695306352
Dia=0
Vd=0.00045603
no=0.00485983136741289
Dd=0.253998125449246
EBP=61.7035033769218
numVC=1
Hc=0
Hg=0
SPLmax=107.781595046442
SPLmaxLF=93.7443488546059
USPL=93.5848308529484
alfaVC=0
Rt=0
Ct=0
gamma=97.6209288034413
Rme=44.1622857142857
Mpow=6.64547106789923
Mcost=0
Gloss=0.0694076244932
VCCon=1
c=343.68275625794
roo=1.20096171470853
Thick=0
Depth=0
MagDepth=0
Magnet=0
Basket=0
Outer=0
Vcd=0
DVol=0
ParState=CCECEENNEENEECCCEECCNCCENNCCCNNNCCCCNCNNNNNNNNNCC
