[Driver]
Brand=Vifa
Model=NE265W-04 10 in subwoofer
Manufacturer=
ProvidedBy=Matt
Comment=
DateAdded=20110717
DateModified=20110717
Qts=0.295751874476016
Znom=4
Fs=23.277632090475
Pe=125
SPL=86.9029325117098
Re=2.9
Le=0.0004
fLe=0
KLe=0
BL=11.74
Xmax=0.00905
Cms=0.000476
Qms=13.8
Qes=0.302229034140371
Rms=1.04086712708359
Mms=0.09821
Sd=0.033
Vas=0.07353252522
Dia=0
Vd=0.00029865
no=0.00298432560704957
Dd=0.204980255088778
EBP=77.0198407862551
numVC=1
Hc=0
Hg=0
SPLmax=104.87203264179
SPLmaxLF=90.0677309616678
USPL=91.314681243206
alfaVC=0
Rt=0
Ct=0
gamma=119.539761735058
Rme=47.5267586206897
Mpow=6.89396537710262
Mcost=0
Gloss=0.0506564510424309
VCCon=1
c=343.68275625794
roo=1.20096171470853
Thick=0
Depth=0
MagDepth=0
Magnet=0
Basket=0
Outer=0
Vcd=0
DVol=0
ParState=CCECEENNEENEECCCEECCNCCENNCCCNNNCCCCNCNNNNNNNNNCC
