[Driver]
Brand=Eminence
Model=3015LF-4
Manufacturer=
ProvidedBy=Matt
Comment=
DateAdded=20160925
DateModified=20160925
Qts=0.370449766444415
Znom=6
Fs=35.6385378971729
Pe=550
SPL=96.119215270407
Re=3.93
Le=0.001334
fLe=0
KLe=0
BL=14.87
Xmax=0.0107
Cms=0.000202
Qms=6.474
Qes=0.392933898499928
Rms=3.41488583188572
Mms=0.09873
Sd=0.0881
Vas=0.2224066836831
Dia=0
Vd=0.00094267
no=0.0249157796423784
Dd=0.334921489145095
EBP=90.6985577809074
numVC=1
Hc=0
Hg=0
SPLmax=120.522842165349
SPLmaxLF=100.051674301951
USPL=99.2110184771386
alfaVC=0
Rt=0
Ct=0
gamma=150.612782335663
Rme=56.2638422391857
Mpow=7.50092275918008
Mcost=0
Gloss=0.0182783674774766
VCCon=1
c=343.68275625794
roo=1.20096171470853
Thick=0
Depth=0
MagDepth=0
Magnet=0
Basket=0
Outer=0
Vcd=0
DVol=0
ParState=CCECEENNEENEECCCEECCNCCENNCCCNNNCCCCNCNNNNNNNNNCC
