[Driver]
Brand=Celestion
Model=FTX0820
Manufacturer=
ProvidedBy=Matt
Comment=
DateAdded=20160816
DateModified=20160816
Qts=0.285354004783484
Znom=10
Fs=68.0041288520602
Pe=200
SPL=94.8843941956951
Re=6.072
Le=0.001164
fLe=0
KLe=0
BL=13.5
Xmax=0.002
Cms=0.000258
Qms=5.112
Qes=0.302224292790243
Rms=1.77449303458336
Mms=0.02123
Sd=0.0225
Vas=0.0185280361875
Dia=0
Vd=4.5E-5
no=0.0187496158352034
Dd=0.169256875064327
EBP=225.012120052368
numVC=1
Hc=0
Hg=0
SPLmax=114.894694152335
SPLmaxLF=73.6287308555129
USPL=96.0868052773067
alfaVC=0
Rt=0
Ct=0
gamma=635.892604804522
Rme=30.0148221343874
Mpow=5.47857847752383
Mcost=0
Gloss=0.0268571781555
VCCon=1
c=343.68275625794
roo=1.20096171470853
Thick=0
Depth=0
MagDepth=0
Magnet=0
Basket=0
Outer=0
Vcd=0
DVol=0
ParState=CCECEENNEENEECCCEECCNCCENNCCCNNNCCCCNCNNNNNNNNNCC
