[Driver]
Brand=GRS
Model=4FR-8 #1
Manufacturer=
ProvidedBy=Matt
Comment=
DateAdded=20150115
DateModified=20150115
Qts=0.833590189382352
Znom=12
Fs=118.395230064231
Pe=15
SPL=88.2932649402763
Re=7.394
Le=0.0006825
fLe=0
KLe=0
BL=4.594
Xmax=0.001
Cms=0.000469
Qms=4.907
Qes=1.00417764218989
Rms=0.584113206018317
Mms=0.003853
Sd=0.0062
Vas=0.0025574130078
Dia=0
Vd=6.2E-6
no=0.00411035609742796
Dd=0.0888486644658096
EBP=117.902674875371
numVC=1
Hc=0
Hg=0
SPLmax=97.0541775308331
SPLmaxLF=56.4123143699711
USPL=88.6401991883912
alfaVC=0
Rt=0
Ct=0
gamma=1192.31767453932
Rme=2.85431917771166
Mpow=1.68947304734691
Mcost=0
Gloss=0.01772117552905
VCCon=1
c=343.68275625794
roo=1.20096171470853
Thick=0
Depth=0
MagDepth=0
Magnet=0
Basket=0
Outer=0
Vcd=0
DVol=0
ParState=CCECEENNEENEECCCEECCNCCENNCCCNNNCCCCNCNNNNNNNNNCC
