[Driver]
Brand=B&C
Model=15PS76
Manufacturer=
ProvidedBy=Matt
Comment=
DateAdded=20121119
DateModified=20121119
Qts=0.342572139114352
Znom=8
Fs=37.1922319619972
Pe=550
SPL=95.2548797108952
Re=5.27
Le=0.0018
fLe=0
KLe=0
BL=21.28
Xmax=0.0075
Cms=0.00014
Qms=9.269
Qes=0.355719130534248
Rms=3.29766831923104
Mms=0.1308
Sd=0.0855
Vas=0.145179371925
Dia=0
Vd=0.00064125
no=0.0204193035495474
Dd=0.329942390539404
EBP=104.555051357904
numVC=1
Hc=0
Hg=0
SPLmax=119.658506605838
SPLmaxLF=96.7050281424035
USPL=97.0725022692556
alfaVC=0
Rt=0
Ct=0
gamma=162.691131498471
Rme=85.9275901328273
Mpow=9.269713594973
Mcost=0
Gloss=0.02394391664
VCCon=1
c=343.68275625794
roo=1.20096171470853
Thick=0
Depth=0
MagDepth=0
Magnet=0
Basket=0
Outer=0
Vcd=0
DVol=0
ParState=CCECEENNEENEECCCEECCNCCENNCCCNNNCCCCNCNNNNNNNNNCC
