[Driver]
Brand=Dayton
Model=DS215-8 #1
Manufacturer=
ProvidedBy=Matt
Comment=
DateAdded=20130721
DateModified=20130721
Qts=0.358683522021204
Znom=10
Fs=31.6378282155057
Pe=80
SPL=85.7379068330727
Re=6.21
Le=0.0013
fLe=0
KLe=0
BL=11.86
Xmax=0.0055
Cms=0.00051
Qms=2.034
Qes=0.435477292428543
Rms=4.84944840783032
Mms=0.04962
Sd=0.02112
Vas=0.03227027392512
Dia=0
Vd=0.00011616
no=0.00228214711737309
Dd=0.163984204071022
EBP=72.6509252389943
numVC=1
Hc=0
Hg=0
SPLmax=101.768806702992
SPLmaxLF=81.8656126471264
USPL=86.8427195417927
alfaVC=0
Rt=0
Ct=0
gamma=239.016525594518
Rme=22.650499194847
Mpow=4.75925405865741
Mcost=0
Gloss=0.0451216447690909
VCCon=1
c=343.68275625794
roo=1.20096171470853
Thick=0
Depth=0
MagDepth=0
Magnet=0
Basket=0
Outer=0
Vcd=0
DVol=0
ParState=CCECEENNEENEECCCEECCNCCENNCCCNNNCCCCNCNNNNNNNNNCC
