[Driver]
Brand=Dayton
Model=ST255-8 (soft)
Manufacturer=
ProvidedBy=Matt
Comment=
DateAdded=20140928
DateModified=20140928
Qts=0.326171045406073
Znom=10
Fs=39.0305403549122
Pe=250
SPL=91.7762590304324
Re=6.471
Le=0.002046
fLe=0
KLe=0
BL=15.36
Xmax=0.0055
Cms=0.000329
Qms=8.05
Qes=0.339944984664271
Rms=1.5396563214926
Mms=0.05054
Sd=0.03398
Vas=0.053887408086918
Dia=0
Vd=0.00018689
no=0.00916597898674888
Dd=0.208001633960171
EBP=114.814285003965
numVC=1
Hc=0
Hg=0
SPLmax=112.755659117153
SPLmaxLF=85.9962018605514
USPL=92.7022737426961
alfaVC=0
Rt=0
Ct=0
gamma=303.91768895924
Rme=36.4595271210014
Mpow=6.03817249844698
Mcost=0
Gloss=0.0296475712616364
VCCon=1
c=343.68275625794
roo=1.20096171470853
Thick=0
Depth=0
MagDepth=0
Magnet=0
Basket=0
Outer=0
Vcd=0
DVol=0
ParState=CCECEENNEENEECCCEECCNCCENNCCCNNNCCCCNCNNNNNNNNNCC
