[Driver]
Brand=Eminence
Model=2515-8
Manufacturer=
ProvidedBy=Matt
Comment=
DateAdded=20160925
DateModified=20160925
Qts=0.387328479027821
Znom=8
Fs=44.4641476706626
Pe=300
SPL=98.7690707559654
Re=5.25
Le=0.001644
fLe=0
KLe=0
BL=14.83
Xmax=0.0048
Cms=0.00021
Qms=8.06
Qes=0.406881427470347
Rms=2.11473436781243
Mms=0.06101
Sd=0.0856
Vas=0.218278757088
Dia=0
Vd=0.00041088
no=0.045862743421099
Dd=0.330135282921002
EBP=109.280357049237
numVC=1
Hc=0
Hg=0
SPLmax=120.540283303162
SPLmaxLF=92.8387806210608
USPL=100.603206432392
alfaVC=0
Rt=0
Ct=0
gamma=243.074905753155
Rme=41.891219047619
Mpow=6.47234262439953
Mcost=0
Gloss=0.026175787596875
VCCon=1
c=343.68275625794
roo=1.20096171470853
Thick=0
Depth=0
MagDepth=0
Magnet=0
Basket=0
Outer=0
Vcd=0
DVol=0
ParState=CCECEENNEENEECCCEECCNCCENNCCCNNNCCCCNCNNNNNNNNNCC
