[Driver]
Brand=GRS
Model=10SW-4
Manufacturer=
ProvidedBy=Matt
Comment=
DateAdded=20160602
DateModified=20160602
Qts=0.513825342767844
Znom=6
Fs=28.9286567872314
Pe=200
SPL=85.7036062161009
Re=3.853
Le=0.001162
fLe=0
KLe=0
BL=9.415
Xmax=0.0085
Cms=0.000368
Qms=2.455
Qes=0.649833960996429
Rms=6.08965301545511
Mms=0.08225
Sd=0.0346
Vas=0.0624949125024
Dia=0
Vd=0.0002941
no=0.00226419369054434
Dd=0.209890657838401
EBP=44.5169974540471
numVC=1
Hc=0
Hg=0
SPLmax=105.713906172741
SPLmaxLF=89.9343810701474
USPL=88.8813448364567
alfaVC=0
Rt=0
Ct=0
gamma=114.468085106383
Rme=23.0060277705684
Mpow=4.79645992066737
Mcost=0
Gloss=0.0349209037882353
VCCon=1
c=343.68275625794
roo=1.20096171470853
Thick=0
Depth=0
MagDepth=0
Magnet=0
Basket=0
Outer=0
Vcd=0
DVol=0
ParState=CCECEENNEENEECCCEECCNCCENNCCCNNNCCCCNCNNNNNNNNNCC
