[Driver]
Brand=JBL
Model=CS1214 #1
Manufacturer=
ProvidedBy=Matt
Comment=
DateAdded=20160817
DateModified=20160817
Qts=0.546514349174942
Znom=6
Fs=25.561922608295
Pe=250
SPL=87.0440033796445
Re=3.439
Le=0.00316
fLe=0
KLe=0
BL=11.68
Xmax=0.012
Cms=0.000263
Qms=6.488
Qes=0.596784256636999
Rms=3.64888374110825
Mms=0.1474
Sd=0.0551
Vas=0.113267051218649
Dia=0
Vd=0.0006612
no=0.00308285637526937
Dd=0.264868833415537
EBP=42.8327696718102
numVC=1
Hc=0
Hg=0
SPLmax=108.023403466365
SPLmaxLF=96.9711374779942
USPL=90.7154103319101
alfaVC=0
Rt=0
Ct=0
gamma=79.2401628222524
Rme=39.6692061645827
Mpow=6.298349479394
Mcost=0
Gloss=0.0316805462691667
VCCon=1
c=343.68275625794
roo=1.20096171470853
Thick=0
Depth=0
MagDepth=0
Magnet=0
Basket=0
Outer=0
Vcd=0
DVol=0
ParState=CCECEENNEENEECCCEECCNCCENNCCCNNNCCCCNCNNNNNNNNNCC
