[Driver]
Brand=Dayton
Model=DCS380-4 #2
Manufacturer=
ProvidedBy=Matt
Comment=
DateAdded=20130721
DateModified=20130721
Qts=0.52795558739422
Znom=6
Fs=19.7835503469466
Pe=250
SPL=85.1808064751157
Re=3.49
Le=0.00238
fLe=0
KLe=0
BL=16.49
Xmax=0.0086
Cms=0.00017
Qms=4.038
Qes=0.607366862436705
Rms=11.7192727803968
Mms=0.3807
Sd=0.08194
Vas=0.16191440517126
Dia=0
Vd=0.000704684
no=0.00200739852982729
Dd=0.323000384358284
EBP=32.5726534825702
numVC=1
Hc=0
Hg=0
SPLmax=106.160206561836
SPLmaxLF=97.5243687972199
USPL=88.7882809160097
alfaVC=0
Rt=0
Ct=0
gamma=43.3149461518256
Rme=77.9140687679083
Mpow=8.8268946276654
Mcost=0
Gloss=0.0737996024825581
VCCon=1
c=343.68275625794
roo=1.20096171470853
Thick=0
Depth=0
MagDepth=0
Magnet=0
Basket=0
Outer=0
Vcd=0
DVol=0
ParState=CCECEENNEENEECCCEECCNCCENNCCCNNNCCCCNCNNNNNNNNNCC
