[Driver]
Brand=Eminence
Model=Beta-12CX
Manufacturer=
ProvidedBy=Matt
Comment=
DateAdded=20170523
DateModified=20170523
Qts=0.561201044838692
Znom=8
Fs=50.513798439821
Pe=250
SPL=95.2735470700376
Re=5.618
Le=0.0016
fLe=0
KLe=0
BL=10.7
Xmax=0.0035
Cms=0.000251
Qms=6.313
Qes=0.615957237672141
Rms=1.988385529289
Mms=0.03955
Sd=0.0532
Vas=0.1007724074952
Dia=0
Vd=0.0001862
no=0.0205072611148206
Dd=0.26026206750103
EBP=82.0086125308398
numVC=1
Hc=0
Hg=0
SPLmax=116.252947156758
SPLmaxLF=85.9640741129125
USPL=96.8134584318678
alfaVC=0
Rt=0
Ct=0
gamma=270.543615676359
Rme=20.3791384834461
Mpow=4.5143259168392
Mcost=0
Gloss=0.027814601395
VCCon=1
c=343.68275625794
roo=1.20096171470853
Thick=0
Depth=0
MagDepth=0
Magnet=0
Basket=0
Outer=0
Vcd=0
DVol=0
ParState=CCECEENNEENEECCCEECCNCCENNCCCNNNCCCCNCNNNNNNNNNCC
