[Driver]
Brand=GRS
Model=4FR-8 #2
Manufacturer=
ProvidedBy=Matt
Comment=
DateAdded=20150115
DateModified=20150115
Qts=0.807838603100977
Znom=10
Fs=116.402896020276
Pe=15
SPL=88.0633841729253
Re=7.294
Le=0.000709
fLe=0
KLe=0
BL=4.845
Xmax=0.001
Cms=0.000445
Qms=5.251
Qes=0.954716726663089
Rms=0.585132629616177
Mms=0.004201
Sd=0.0062
Vas=0.002426543259
Dia=0
Vd=6.2E-6
no=0.00389844464126641
Dd=0.0888486644658096
EBP=121.924014494986
numVC=1
Hc=0
Hg=0
SPLmax=96.8242967634821
SPLmaxLF=56.4123143699711
USPL=88.4694552936335
alfaVC=0
Rt=0
Ct=0
gamma=1153.29683408712
Rme=3.21826501233891
Mpow=1.79395234394309
Mcost=0
Gloss=0.01833299280925
VCCon=1
c=343.68275625794
roo=1.20096171470853
Thick=0
Depth=0
MagDepth=0
Magnet=0
Basket=0
Outer=0
Vcd=0
DVol=0
ParState=CCECEENNEENEECCCEECCNCCENNCCCNNNCCCCNCNNNNNNNNNCC
