[Driver]
Brand=AE
Model=TD6M-8 #1
Manufacturer=
ProvidedBy=Matt
Comment=
DateAdded=20130418
DateModified=20130418
Qts=0.24184172346379
Znom=10
Fs=77.3061487210282
Pe=100
SPL=93.1979146027441
Re=6.38
Le=0.00113
fLe=0
KLe=0
BL=11.93
Xmax=0.0033
Cms=0.00035
Qms=2.92
Qes=0.263680395106297
Rms=2.01444399587024
Mms=0.01211
Sd=0.01226
Vas=0.0074626596093
Dia=0
Vd=4.0458E-5
no=0.0127158212566664
Dd=0.124939652706629
EBP=293.181253349776
numVC=1
Hc=0
Hg=0
SPLmax=110.197914602744
SPLmaxLF=72.7045687812117
USPL=94.1854365260183
alfaVC=0
Rt=0
Ct=0
gamma=985.136251032205
Rme=22.3079780564263
Mpow=4.7231322294031
Mcost=0
Gloss=0.0125956018257576
VCCon=1
c=343.68275625794
roo=1.20096171470853
Thick=0
Depth=0
MagDepth=0
Magnet=0
Basket=0
Outer=0
Vcd=0
DVol=0
ParState=CCECEENNEENEECCCEECCNCCENNCCCNNNCCCCNCNNNNNNNNNCC
