[Driver]
Brand=Dayton
Model=ST255-8 (stiff)
Manufacturer=
ProvidedBy=Matt
Comment=
DateAdded=20140928
DateModified=20140928
Qts=0.307366491950625
Znom=10
Fs=40.3728932539128
Pe=250
SPL=92.2031423830852
Re=6.265
Le=0
fLe=0
KLe=0
BL=15.9
Xmax=0.0055
Cms=0.000307
Qms=9.017
Qes=0.318213579866175
Rms=1.42406500102923
Mms=0.05062
Sd=0.03398
Vas=0.050283994780194
Dia=0
Vd=0.00018689
no=0.0101127016008136
Dd=0.208001633960171
EBP=126.873571111867
numVC=1
Hc=0
Hg=0
SPLmax=113.182542469806
SPLmaxLF=85.9962018605514
USPL=93.2696603402693
alfaVC=0
Rt=0
Ct=0
gamma=314.105096799684
Rme=40.3527533918595
Mpow=6.35238171018237
Mcost=0
Gloss=0.0277088500474545
VCCon=1
c=343.68275625794
roo=1.20096171470853
Thick=0
Depth=0
MagDepth=0
Magnet=0
Basket=0
Outer=0
Vcd=0
DVol=0
ParState=CCECENNNEENEECCCEECCNCCENNCCCNNNCCCCNCNNNNNNNNNCC
