[Driver]
Brand=GRS
Model=8PF-8 #2
Manufacturer=
ProvidedBy=Matt
Comment=
DateAdded=20150115
DateModified=20150115
Qts=1.01373130003193
Znom=12
Fs=53.1865580812636
Pe=100
SPL=87.0579565216162
Re=7.569
Le=0.001056
fLe=0
KLe=0
BL=6.08
Xmax=0.003
Cms=0.000455
Qms=4.101
Qes=1.34659871409118
Rms=1.60367766043033
Mms=0.01968
Sd=0.021
Vas=0.028463915025
Dia=0
Vd=6.3E-5
no=0.00309277699579997
Dd=0.163517676229325
EBP=39.4969618823372
numVC=1
Hc=0
Hg=0
SPLmax=104.057956521616
SPLmaxLF=76.5512915690777
USPL=87.3033001797297
alfaVC=0
Rt=0
Ct=0
gamma=308.943089430894
Rme=4.88392125776192
Mpow=2.20995956020963
Mcost=0
Gloss=0.02927088892
VCCon=1
c=343.68275625794
roo=1.20096171470853
Thick=0
Depth=0
MagDepth=0
Magnet=0
Basket=0
Outer=0
Vcd=0
DVol=0
ParState=CCECEENNEENEECCCEECCNCCENNCCCNNNCCCCNCNNNNNNNNNCC
