[Driver]
Model=Sony 5.25 Neo WT3 tested
Manufacturer=
ProvidedBy=Matt
Comment=
DateAdded=20110810
DateModified=20110810
Qts=0.849307906502739
Znom=12
Fs=77.0313000892917
Pe=20
SPL=86.2429948985787
Re=7.7
Le=0.00146
fLe=0
KLe=0
BL=5.91
Xmax=0.003
Cms=0.00046
Qms=5.97
Qes=0.990172443342217
Rms=0.752351413306822
Mms=0.00928
Sd=0.00935483870967742
Vas=0.0057105125182102
Dia=0
Vd=2.80645161290323E-5
no=0.00256361287534027
Dd=0.109137301504942
EBP=77.7958431455445
numVC=1
Hc=0
Hg=0
SPLmax=96.2532948552185
SPLmaxLF=69.5276317556929
USPL=86.4138163573397
alfaVC=0
Rt=0
Ct=0
gamma=636.853448275862
Rme=4.53611688311688
Mpow=2.1298161618123
Mcost=0
Gloss=0.0139542091733333
VCCon=1
c=343.68275625794
roo=1.20096171470853
Thick=0
Depth=0
MagDepth=0
Magnet=0
Basket=0
Outer=0
Vcd=0
DVol=0
ParState=CCECEENNEENEECCCEECCNCCENNCCCNNNCCCCNCNNNNNNNNNCC
