[Driver]
Brand=Infinity
Model=1262W
Manufacturer=
ProvidedBy=Matt
Comment=
DateAdded=20151127
DateModified=20151127
Qts=0.402287043944601
Znom=12
Fs=21.5284287446231
Pe=250
SPL=85.3276945927039
Re=7.339
Le=0.006648
fLe=0
KLe=0
BL=21.55
Xmax=0.013
Cms=0.000262
Qms=4.112
Qes=0.445911676805082
Rms=6.86204245055439
Mms=0.2086
Sd=0.05067
Vas=0.095421831491889
Dia=0
Vd=0.00065871
no=0.00207645447307404
Dd=0.253998125449246
EBP=48.2795806085914
numVC=1
Hc=0
Hg=0
SPLmax=106.307094679424
SPLmaxLF=96.9383657119562
USPL=85.7070544261934
alfaVC=0
Rt=0
Ct=0
gamma=103.307766059444
Rme=63.2787164463823
Mpow=7.95479204293754
Mcost=0
Gloss=0.0412280618292308
VCCon=1
c=343.68275625794
roo=1.20096171470853
Thick=0
Depth=0
MagDepth=0
Magnet=0
Basket=0
Outer=0
Vcd=0
DVol=0
ParState=CCECEENNEENEECCCEECCNCCENNCCCNNNCCCCNCNNNNNNNNNCC
