[Driver]
Brand=Dayton
Model=DS215-8 #2
Manufacturer=
ProvidedBy=Matt
Comment=
DateAdded=20130721
DateModified=20130721
Qts=0.345681674674227
Znom=10
Fs=31.6378282155057
Pe=80
SPL=85.9166892497798
Re=6.02
Le=0.00134
fLe=0
KLe=0
BL=11.92
Xmax=0.0055
Cms=0.00051
Qms=2
Qes=0.417914338954268
Rms=4.93188903076344
Mms=0.04962
Sd=0.02112
Vas=0.03227027392512
Dia=0
Vd=0.00011616
no=0.00237805491451679
Dd=0.163984204071022
EBP=75.7040983438661
numVC=1
Hc=0
Hg=0
SPLmax=101.947589119699
SPLmaxLF=81.8656126471264
USPL=87.1564530476873
alfaVC=0
Rt=0
Ct=0
gamma=240.225715437324
Rme=23.6023920265781
Mpow=4.85822930979777
Mcost=0
Gloss=0.0451216447690909
VCCon=1
c=343.68275625794
roo=1.20096171470853
Thick=0
Depth=0
MagDepth=0
Magnet=0
Basket=0
Outer=0
Vcd=0
DVol=0
ParState=CCECEENNEENEECCCEECCNCCENNCCCNNNCCCCNCNNNNNNNNNCC
