[Driver]
Brand=Peerless India
Model=W5-KA538A-SH #1
Manufacturer=
ProvidedBy=Matt
Comment=
DateAdded=20150106
DateModified=20150106
Qts=0.624452100444192
Znom=4
Fs=68.6195784103766
Pe=30
SPL=85.1438801410954
Re=3.22
Le=0.00057
fLe=0
KLe=0
BL=3.66
Xmax=0.0035
Cms=0.000616
Qms=2.014
Qes=0.905076054374686
Rms=1.86952771499836
Mms=0.008733
Sd=0.0081
Vas=0.00573317763479997
Dia=0
Vd=2.835E-5
no=0.00199040277428636
Dd=0.101554125038596
EBP=75.8163671204247
numVC=1
Hc=0
Hg=0
SPLmax=96.915092688292
SPLmaxLF=69.6155418445845
USPL=89.1010501346229
alfaVC=0
Rt=0
Ct=0
gamma=419.099965647544
Rme=4.16012422360248
Mpow=2.03963825802579
Mcost=0
Gloss=0.0150728995032
VCCon=1
c=343.68275625794
roo=1.20096171470853
Thick=0
Depth=0
MagDepth=0
Magnet=0
Basket=0
Outer=0
Vcd=0
DVol=0
ParState=CCECEENNEENEECCCEECCNCCENNCCCNNNCCCCNCNNNNNNNNNCC
