[Driver]
Brand=Peerless India
Model=W5-KA538A-SH #2
Manufacturer=
ProvidedBy=Matt
Comment=
DateAdded=20150106
DateModified=20150106
Qts=0.727957362880152
Znom=4
Fs=73.5576898972119
Pe=30
SPL=84.7603757923173
Re=3.24
Le=0.00055
fLe=0
KLe=0
BL=3.23
Xmax=0.0035
Cms=0.000583
Qms=1.976
Qes=1.1525597814276
Rms=1.8781771604401
Mms=0.00803
Sd=0.0081
Vas=0.00542604311865
Dia=0
Vd=2.835E-5
no=0.00182217688633813
Dd=0.101554125038596
EBP=63.821149308282
numVC=1
Hc=0
Hg=0
SPLmax=96.5315883395139
SPLmaxLF=69.6155418445845
USPL=88.690654400737
alfaVC=0
Rt=0
Ct=0
gamma=402.241594022416
Rme=3.22003086419753
Mpow=1.79444444444444
Mcost=0
Gloss=0.013117066831
VCCon=1
c=343.68275625794
roo=1.20096171470853
Thick=0
Depth=0
MagDepth=0
Magnet=0
Basket=0
Outer=0
Vcd=0
DVol=0
ParState=CCECEENNEENEECCCEECCNCCENNCCCNNNCCCCNCNNNNNNNNNCC
