[Driver]
Brand=Eminence
Model=Beta-10CX
Manufacturer=
ProvidedBy=Matt
Comment=
DateAdded=20140928
DateModified=20140928
Qts=0.419120034418485
Znom=8
Fs=47.1060259415613
Pe=250
SPL=93.915551119826
Re=5.419
Le=0.001466
fLe=0
KLe=0
BL=10.26
Xmax=0.005
Cms=0.00039
Qms=6.962
Qes=0.445967784060081
Rms=1.24435712475064
Mms=0.02927
Sd=0.03449
Vas=0.065810568714345
Dia=0
Vd=0.00017245
no=0.01500058051004
Dd=0.20955675101966
EBP=105.626521971406
numVC=1
Hc=0
Hg=0
SPLmax=114.894951206546
SPLmaxLF=85.2977445540742
USPL=95.6120883201879
alfaVC=0
Rt=0
Ct=0
gamma=350.529552442774
Rme=19.4256504890201
Mpow=4.40745396901886
Mcost=0
Gloss=0.022389170349
VCCon=1
c=343.68275625794
roo=1.20096171470853
Thick=0
Depth=0
MagDepth=0
Magnet=0
Basket=0
Outer=0
Vcd=0
DVol=0
ParState=CCECEENNEEEEECCCEECCNCCENNCCCNNNCCCCNCNNNNNNNNNCC
