[Driver]
Brand=Dayton
Model=PA460-8 #2
Manufacturer=
ProvidedBy=Matt
Comment=
DateAdded=20150807
DateModified=20150807
Qts=0.307935069835921
Znom=10
Fs=24.8820876124732
Pe=500
SPL=96.0157425261665
Re=6.1
Le=0.004
fLe=0
KLe=0
BL=22.86
Xmax=0.006
Cms=0.000235
Qms=10
Qes=0.317718744204397
Rms=2.72185793866944
Mms=0.1741
Sd=0.12441
Vas=0.515968383422992
Dia=0
Vd=0.00074646
no=0.0243291651716039
Dd=0.397999663015563
EBP=78.3148242474039
numVC=1
Hc=0
Hg=0
SPLmax=120.005442569527
SPLmaxLF=98.0246113893525
USPL=97.1981728865447
alfaVC=0
Rt=0
Ct=0
gamma=131.30384836301
Rme=85.6687868852459
Mpow=9.25574345394501
Mcost=0
Gloss=0.0668707291291667
VCCon=1
c=343.68275625794
roo=1.20096171470853
Thick=0
Depth=0
MagDepth=0
Magnet=0
Basket=0
Outer=0
Vcd=0
DVol=0
ParState=CCECEENNEENEECCCEECCNCCENNCCCNNNCCCCNCNNNNNNNNNCC
