[Driver]
Brand=Buyout Legacy
Model=15in subwoofer
Manufacturer=
ProvidedBy=Matt
Comment=
DateAdded=20160908
DateModified=20160908
Qts=0.411029724851828
Znom=12
Fs=22.2105015308966
Pe=800
SPL=87.0169614000017
Re=7.995
Le=0.01186
fLe=0
KLe=0
BL=31.33
Xmax=0.0195
Cms=0.000132
Qms=5.837
Qes=0.442166171633626
Rms=9.30032535341504
Mms=0.389
Sd=0.0824
Vas=0.1271373054336
Dia=0
Vd=0.0016068
no=0.00306372015924351
Dd=0.32390575556198
EBP=50.2311188774071
numVC=1
Hc=0
Hg=0
SPLmax=113.047861269921
SPLmaxLF=104.683717041199
USPL=87.024505429665
alfaVC=0
Rt=0
Ct=0
gamma=80.5398457583547
Rme=122.772845528455
Mpow=11.0802908593798
Mcost=0
Gloss=0.0258231725230769
VCCon=1
c=343.68275625794
roo=1.20096171470853
Thick=0
Depth=0
MagDepth=0
Magnet=0
Basket=0
Outer=0
Vcd=0
DVol=0
ParState=CCECEENNEENEECCCEECCNCCENNCCCNNNCCCCNCNNNNNNNNNCC
