[Driver]
Brand=Dayton
Model=PK165-8 #2
Manufacturer=
ProvidedBy=Matt
Comment=
DateAdded=20130721
DateModified=20130721
Qts=0.874982676410129
Znom=10
Fs=112.23690787105
Pe=100
SPL=89.748044757242
Re=7.2
Le=0.00085
fLe=0
KLe=0
BL=6.97
Xmax=0.0015
Cms=0.00022
Qms=10.41
Qes=0.9552756279629
Rms=0.619171599883964
Mms=0.00914
Sd=0.01131
Vas=0.00399201844041
Dia=0
Vd=1.6965E-5
no=0.0057458916195174
Dd=0.120001413537319
EBP=117.491648049676
numVC=1
Hc=0
Hg=0
SPLmax=106.748044757242
SPLmaxLF=65.1555578596288
USPL=90.2104485034151
alfaVC=0
Rt=0
Ct=0
gamma=762.582056892779
Rme=6.74734722222222
Mpow=2.59756563386226
Mcost=0
Gloss=0.0131461412133333
VCCon=1
c=343.68275625794
roo=1.20096171470853
Thick=0
Depth=0
MagDepth=0
Magnet=0
Basket=0
Outer=0
Vcd=0
DVol=0
ParState=CCECEENNEENEECCCEECCNCCENNCCCNNNCCCCNCNNNNNNNNNCC
