[Driver]
Brand=B&C
Model=8PS21 8" woofer
Manufacturer=
ProvidedBy=Matt
Comment=
DateAdded=20111113
DateModified=20111113
Qts=0.44002980344909
Znom=8
Fs=81.3796403690956
Pe=200
SPL=92.4755531021312
Re=5.2
Le=0.00123
fLe=0
KLe=0
BL=12.46
Xmax=0.005
Cms=0.00014
Qms=7.39
Qes=0.467889811830066
Rms=1.89030503565933
Mms=0.02732
Sd=0.022
Vas=0.00961209479999994
Dia=0
Vd=0.00011
no=0.0107673359705333
Dd=0.16736567743768
EBP=173.929071143468
numVC=1
Hc=0
Hg=0
SPLmax=112.485853058771
SPLmaxLF=81.3923342831705
USPL=94.351248376269
alfaVC=0
Rt=0
Ct=0
gamma=456.076134699854
Rme=29.8560769230769
Mpow=5.46407146028279
Mcost=0
Gloss=0.007501694984
VCCon=1
c=343.68275625794
roo=1.20096171470853
Thick=0
Depth=0
MagDepth=0
Magnet=0
Basket=0
Outer=0
Vcd=0
DVol=0
ParState=CCECEENNEENEECCCEECCNCCENNCCCNNNCCCCNCNNNNNNNNNCC
