[Driver]
Brand=Faital Pro
Model=12PR300
Manufacturer=
ProvidedBy=Matt
Comment=
DateAdded=20121008
DateModified=20121008
Qts=0.401133583545077
Znom=8
Fs=56.7903680347812
Pe=300
SPL=95.9107612498847
Re=5.38
Le=0.00107
fLe=0
KLe=0
BL=14.32
Xmax=0.00492
Cms=0.00017
Qms=5.53
Qes=0.432506627563434
Rms=2.98106465793421
Mms=0.0462
Sd=0.0489
Vas=0.0576648660735
Dia=0
Vd=0.000240588
no=0.0237481114947624
Dd=0.249522371216589
EBP=131.305197228341
numVC=1
Hc=0
Hg=0
SPLmax=117.681973797081
SPLmaxLF=88.1899598178256
USPL=97.6386672037066
alfaVC=0
Rt=0
Ct=0
gamma=309.95670995671
Rme=38.115687732342
Mpow=6.17379038616813
Mcost=0
Gloss=0.0156547620121951
VCCon=1
c=343.68275625794
roo=1.20096171470853
Thick=0
Depth=0
MagDepth=0
Magnet=0
Basket=0
Outer=0
Vcd=0
DVol=0
ParState=CCECEENNEENEECCCEECCNCCENNCCCNNNCCCCNCNNNNNNNNNCC
