[Driver]
Brand=Eminence
Model=Alphalite-6a
Manufacturer=
ProvidedBy=Matt
Comment=
DateAdded=20170102
DateModified=20170102
Qts=0.505313855166462
Znom=12
Fs=104.332162079024
Pe=100
SPL=93.3465746457712
Re=7.696
Le=0.001079
fLe=0
KLe=0
BL=7.978
Xmax=0.0035
Cms=0.000303
Qms=2.974
Qes=0.608746238727074
Rms=1.69284942979839
Mms=0.00768
Sd=0.01299
Vas=0.0072527979463065
Dia=0
Vd=4.5465E-5
no=0.0131586222251706
Dd=0.128605527432182
EBP=171.388594198444
numVC=1
Hc=0
Hg=0
SPLmax=110.346574645771
SPLmaxLF=73.7180244884721
USPL=93.5196527659594
alfaVC=0
Rt=0
Ct=0
gamma=1038.80208333333
Rme=8.27033316008316
Mpow=2.87581869388235
Mcost=0
Gloss=0.006520133376
VCCon=1
c=343.68275625794
roo=1.20096171470853
Thick=0
Depth=0
MagDepth=0
Magnet=0
Basket=0
Outer=0
Vcd=0
DVol=0
ParState=CCECEENNEENEECCCEECCNCCENNCCCNNNCCCCNCNNNNNNNNNCC
