[Driver]
Brand=Dayton
Model=PA310-8 #2
Manufacturer=
ProvidedBy=Matt
Comment=
DateAdded=20150712
DateModified=20150712
Qts=0.341502886076036
Znom=8
Fs=41.7457401425196
Pe=450
SPL=94.5967421369183
Re=5.744
Le=0.001505
fLe=0
KLe=0
BL=16.83
Xmax=0.005
Cms=0.000219
Qms=10.46
Qes=0.353028730268626
Rms=1.66430212184141
Mms=0.06637
Sd=0.05309
Vas=0.0875617058188845
Dia=0
Vd=0.00026545
no=0.0175479815020056
Dd=0.25999286034426
EBP=118.250262834853
numVC=1
Hc=0
Hg=0
SPLmax=118.128867274672
SPLmaxLF=89.0441351735495
USPL=96.0403265350617
alfaVC=0
Rt=0
Ct=0
gamma=253.578423986741
Rme=49.3121344011142
Mpow=7.02225992121583
Mcost=0
Gloss=0.0285079903899
VCCon=1
c=343.68275625794
roo=1.20096171470853
Thick=0
Depth=0
MagDepth=0
Magnet=0
Basket=0
Outer=0
Vcd=0
DVol=0
ParState=CCECEENNEENEECCCEECCNCCENNCCCNNNCCCCNCNNNNNNNNNCC
