[Driver]
Brand=Stereo Integrity
Model=HT-18 D2
Manufacturer=
ProvidedBy=Matt
Comment=
DateAdded=20151127
DateModified=20151127
Qts=0.554346866498201
Znom=6
Fs=22.8665230799924
Pe=600
SPL=87.248081480858
Re=4.425
Le=0.005852
fLe=0
KLe=0
BL=20.3
Xmax=0.022
Cms=0.00011
Qms=3.011
Qes=0.679435933491691
Rms=21.0143788281079
Mms=0.4404
Sd=0.11
Vas=0.188809005
Dia=0
Vd=0.00242
no=0.00323117963021692
Dd=0.374241031850956
EBP=33.6551570984463
numVC=1
Hc=0
Hg=0
SPLmax=112.029593984694
SPLmaxLF=108.240787899615
USPL=89.8246774410054
alfaVC=0
Rt=0
Ct=0
gamma=46.094459582198
Rme=93.1276836158192
Mpow=9.65026857739303
Mcost=0
Gloss=0.0215942433
VCCon=1
c=343.68275625794
roo=1.20096171470853
Thick=0
Depth=0
MagDepth=0
Magnet=0
Basket=0
Outer=0
Vcd=0
DVol=0
ParState=CCECEENNEENEECCCEECCNCCENNCCCNNNCCCCNCNNNNNNNNNCC
