[Driver]
Brand=Eminence
Model=Kappa-15LF
Manufacturer=
ProvidedBy=Matt
Comment=
DateAdded=20160925
DateModified=20160925
Qts=0.32341033631986
Znom=8
Fs=35.6385378971729
Pe=600
SPL=96.4707551377074
Re=5.804
Le=0.00196
fLe=0
KLe=0
BL=19.36
Xmax=0.0055
Cms=0.000202
Qms=5.847
Qes=0.342346255171015
Rms=3.78107933566413
Mms=0.09873
Sd=0.08563
Vas=0.210110572245399
Dia=0
Vd=0.000470965
no=0.0270164616007418
Dd=0.330193128662109
EBP=104.100855081269
numVC=1
Hc=0
Hg=0
SPLmax=121.252267641544
SPLmaxLF=94.0242532503265
USPL=97.8692098105362
alfaVC=0
Rt=0
Ct=0
gamma=196.090347412134
Rme=64.5778084079945
Mpow=8.03603188196727
Mcost=0
Gloss=0.0355597330925455
VCCon=1
c=343.68275625794
roo=1.20096171470853
Thick=0
Depth=0
MagDepth=0
Magnet=0
Basket=0
Outer=0
Vcd=0
DVol=0
ParState=CCECEENNEENEECCCEECCNCCENNCCCNNNCCCCNCNNNNNNNNNCC
