[Driver]
Brand=Dayton
Model=PA255-8 #1
Manufacturer=
ProvidedBy=Matt
Comment=
DateAdded=20130721
DateModified=20130721
Qts=0.536114979330057
Znom=8
Fs=44.5799923149648
Pe=300
SPL=91.2373738639397
Re=5.75
Le=0.00045
fLe=0
KLe=0
BL=10.52
Xmax=0.005
Cms=0.00032
Qms=7.138
Qes=0.579650919468697
Rms=1.56298071845648
Mms=0.03983
Sd=0.03464
Vas=0.05446912429056
Dia=0
Vd=0.0001732
no=0.00809636988147634
Dd=0.210011946873567
EBP=76.9083440009488
numVC=1
Hc=0
Hg=0
SPLmax=113.008586411136
SPLmaxLF=85.3354383336326
USPL=92.6764241275292
alfaVC=0
Rt=0
Ct=0
gamma=264.12252071303
Rme=19.2470260869565
Mpow=4.38714327176085
Mcost=0
Gloss=0.024998327648
VCCon=1
c=343.68275625794
roo=1.20096171470853
Thick=0
Depth=0
MagDepth=0
Magnet=0
Basket=0
Outer=0
Vcd=0
DVol=0
ParState=CCECEENNEENEECCCEECCNCCENNCCCNNNCCCCNCNNNNNNNNNCC
