[Driver]
Brand=Eminence
Model=Alpha-6C #2
Manufacturer=
ProvidedBy=Matt
Comment=
DateAdded=20130721
DateModified=20130721
Qts=0.441680732796853
Znom=6
Fs=83.8564012982566
Pe=100
SPL=91.4505067558735
Re=3.81
Le=0.00057
fLe=0
KLe=0
BL=7
Xmax=0.0035
Cms=0.00031
Qms=6.118
Qes=0.47604840320805
Rms=1.00072038008383
Mms=0.01162
Sd=0.01267
Vas=0.007059266403945
Dia=0
Vd=4.4345E-5
no=0.00850361579270774
Dd=0.127011594084141
EBP=176.150997951375
numVC=1
Hc=0
Hg=0
SPLmax=108.450506755874
SPLmaxLF=73.5013737646804
USPL=94.6769857096031
alfaVC=0
Rt=0
Ct=0
gamma=602.409638554217
Rme=12.8608923884514
Mpow=3.58620863704992
Mcost=0
Gloss=0.01009300418
VCCon=1
c=343.68275625794
roo=1.20096171470853
Thick=0
Depth=0
MagDepth=0
Magnet=0
Basket=0
Outer=0
Vcd=0
DVol=0
ParState=CCECEENNEENEECCCEECCNCCENNCCCNNNCCCCNCNNNNNNNNNCC
