[Driver]
Brand=Peerless
Model=SDS 6.5in #2
Manufacturer=
ProvidedBy=Matt
Comment=
DateAdded=20130321
DateModified=20130321
Qts=0.448237481074617
Znom=10
Fs=39.0225149755606
Pe=60
SPL=87.0192443935798
Re=7.07
Le=0.00137
fLe=0
KLe=0
BL=7.15
Xmax=0.006
Cms=0.00103
Qms=2.47
Qes=0.547614553089441
Rms=1.60313722178532
Mms=0.01615
Sd=0.0141
Vas=0.0290482583265
Dia=0
Vd=8.46E-5
no=0.0030653311150534
Dd=0.13398760233979
EBP=71.2590904595392
numVC=1
Hc=0
Hg=0
SPLmax=101.800756897416
SPLmaxLF=79.1118878407865
USPL=87.5607789660966
alfaVC=0
Rt=0
Ct=0
gamma=442.724458204334
Rme=7.23090523338048
Mpow=2.68903425663945
Mcost=0
Gloss=0.0271881199041667
VCCon=1
c=343.68275625794
roo=1.20096171470853
Thick=0
Depth=0
MagDepth=0
Magnet=0
Basket=0
Outer=0
Vcd=0
DVol=0
ParState=CCECEENNEENEECCCEECCNCCENNCCCNNNCCCCNCNNNNNNNNNCC
