[Driver]
Brand=WT3
Model=Aura NS6-255-8A #1
Manufacturer=
ProvidedBy=Matt
Comment=
DateAdded=20120614
DateModified=20120614
Qts=0.568832972066476
Znom=10
Fs=57.0143940250521
Pe=50
SPL=88.6373336383697
Re=6.25
Le=0.00103
fLe=0
KLe=0
BL=5.88
Xmax=0.0039
Cms=0.00077
Qms=4.309
Qes=0.65534540525285
Rms=0.841333921721945
Mms=0.01012
Sd=0.01217
Vas=0.016177690767315
Dia=0
Vd=4.7463E-5
no=0.00444924496939847
Dd=0.124480220354187
EBP=86.9989986472162
numVC=1
Hc=0
Hg=0
SPLmax=102.62703368173
SPLmaxLF=74.0915842851373
USPL=89.7142621754147
alfaVC=0
Rt=0
Ct=0
gamma=581.02766798419
Rme=5.531904
Mpow=2.352
Mcost=0
Gloss=0.0195941896051282
VCCon=1
c=343.68275625794
roo=1.20096171470853
Thick=0
Depth=0
MagDepth=0
Magnet=0
Basket=0
Outer=0
Vcd=0
DVol=0
ParState=CCECEENNEENEECCCEECCNCCENNCCCNNNCCCCNCNNNNNNNNNCC
