[Driver]
Brand=Peerless
Model=SDS 6.5in #1
Manufacturer=
ProvidedBy=Matt
Comment=
DateAdded=20130321
DateModified=20130321
Qts=0.438654641588212
Znom=10
Fs=38.3901751168762
Pe=60
SPL=86.8589896588249
Re=7.16
Le=0.00137
fLe=0
KLe=0
BL=7.37
Xmax=0.006
Cms=0.00102
Qms=2.42
Qes=0.535769409475584
Rms=1.67951737369825
Mms=0.01685
Sd=0.0141
Vas=0.028766236401
Dia=0
Vd=8.46E-5
no=0.00295428180768277
Dd=0.13398760233979
EBP=71.6542871577024
numVC=1
Hc=0
Hg=0
SPLmax=101.640502162661
SPLmaxLF=79.1118878407865
USPL=87.3455881462322
alfaVC=0
Rt=0
Ct=0
gamma=437.388724035608
Rme=7.58615921787709
Mpow=2.75429831679088
Mcost=0
Gloss=0.028091148925
VCCon=1
c=343.68275625794
roo=1.20096171470853
Thick=0
Depth=0
MagDepth=0
Magnet=0
Basket=0
Outer=0
Vcd=0
DVol=0
ParState=CCECEENNEENEECCCEECCNCCENNCCCNNNCCCCNCNNNNNNNNNCC
