[Driver]
Brand=GRS
Model=8FR-8 #2
Manufacturer=
ProvidedBy=Matt
Comment=
DateAdded=20150211
DateModified=20150211
Qts=0.535283681959864
Znom=10
Fs=50.4865715486203
Pe=60
SPL=89.8273705874634
Re=6.954
Le=0.001199
fLe=0
KLe=0
BL=8.668
Xmax=0.003
Cms=0.000467
Qms=3.737
Qes=0.624775876679946
Rms=1.80635985858319
Mms=0.02128
Sd=0.021
Vas=0.029214611685
Dia=0
Vd=6.3E-5
no=0.0058518072543062
Dd=0.163517676229325
EBP=80.8074918271582
numVC=1
Hc=0
Hg=0
SPLmax=104.6088830913
SPLmaxLF=76.5512915690777
USPL=90.4407524344768
alfaVC=0
Rt=0
Ct=0
gamma=407.330827067669
Rme=10.8044613172275
Mpow=3.28701404274875
Mcost=0
Gloss=0.0324853780346667
VCCon=1
c=343.68275625794
roo=1.20096171470853
Thick=0
Depth=0
MagDepth=0
Magnet=0
Basket=0
Outer=0
Vcd=0
DVol=0
ParState=CCECEENNEENEECCCEECCNCCENNCCCNNNCCCCNCNNNNNNNNNCC
