[Driver]
Brand=Dayton
Model=PA255-8 #2
Manufacturer=
ProvidedBy=Matt
Comment=
DateAdded=20130721
DateModified=20130721
Qts=0.566483770194204
Znom=8
Fs=45.6768850301365
Pe=300
SPL=90.7008249247479
Re=5.69
Le=0.00044
fLe=0
KLe=0
BL=10.71
Xmax=0.005
Cms=0.00028
Qms=6.881
Qes=0.617303793488895
Rms=1.80848146991779
Mms=0.04336
Sd=0.03464
Vas=0.04766048375424
Dia=0
Vd=0.0001732
no=0.00715542520945537
Dd=0.210011946873567
EBP=73.9941751726141
numVC=1
Hc=0
Hg=0
SPLmax=112.472037471945
SPLmaxLF=85.3354383336326
USPL=92.185430971283
alfaVC=0
Rt=0
Ct=0
gamma=247.00184501845
Rme=20.1588927943761
Mpow=4.48986556528991
Mcost=0
Gloss=0.023812115264
VCCon=1
c=343.68275625794
roo=1.20096171470853
Thick=0
Depth=0
MagDepth=0
Magnet=0
Basket=0
Outer=0
Vcd=0
DVol=0
ParState=CCECEENNEENEECCCEECCNCCENNCCCNNNCCCCNCNNNNNNNNNCC
