[Driver]
Brand=JBL
Model=2242HPL
Manufacturer=
ProvidedBy=Matt
Comment=
DateAdded=20130721
DateModified=20130721
Qts=0.316220167808359
Znom=8
Fs=30.7297028991386
Pe=800
SPL=95.3258825356632
Re=5.2
Le=0.00167
fLe=0
KLe=0
BL=23.96
Xmax=0.009
Cms=0.00014
Qms=5.615
Qes=0.335091530215464
Rms=6.58846091556073
Mms=0.1916
Sd=0.1114
Vas=0.246458082612
Dia=0
Vd=0.0010026
no=0.0207558827070541
Dd=0.376615035923285
EBP=91.705400251028
numVC=1
Hc=0
Hg=0
SPLmax=121.356782405583
SPLmaxLF=100.587034585547
USPL=97.201577809801
alfaVC=0
Rt=0
Ct=0
gamma=125.052192066806
Rme=110.400307692308
Mpow=10.5071550712982
Mcost=0
Gloss=0.0292281755111111
VCCon=1
c=343.68275625794
roo=1.20096171470853
Thick=0
Depth=0
MagDepth=0
Magnet=0
Basket=0
Outer=0
Vcd=0
DVol=0
ParState=CCECEENNEENEECCCEECCNCCENNCCCNNNCCCCNCNNNNNNNNNCC
