[Driver]
Brand=Eminence
Model=12in beefy woofer
Manufacturer=
ProvidedBy=Matt
Comment=
DateAdded=20150712
DateModified=20150712
Qts=0.324891948392671
Znom=10
Fs=35.467503372506
Pe=350
SPL=92.628529664131
Re=7.171
Le=0.0029
fLe=0
KLe=0
BL=20.31
Xmax=0.007
Cms=0.000231
Qms=8.563
Qes=0.337704936213314
Rms=2.26856688901523
Mms=0.08717
Sd=0.05147
Vas=0.086809042197454
Dia=0
Vd=0.00036029
no=0.0111533651461144
Dd=0.255995389348165
EBP=105.025125691686
numVC=1
Hc=0
Hg=0
SPLmax=115.069210107634
SPLmaxLF=91.6975247452945
USPL=93.1084611495996
alfaVC=0
Rt=0
Ct=0
gamma=232.993002179649
Rme=57.5228141123971
Mpow=7.5843796128884
Mcost=0
Gloss=0.0282099074565
VCCon=1
c=343.68275625794
roo=1.20096171470853
Thick=0
Depth=0
MagDepth=0
Magnet=0
Basket=0
Outer=0
Vcd=0
DVol=0
ParState=CCECEENNEENEECCCEECCNCCENNCCCNNNCCCCNCNNNNNNNNNCC
