[Driver]
Brand=Eminence
Model=2510-8
Manufacturer=
ProvidedBy=Matt
Comment=
DateAdded=20160906
DateModified=20160906
Qts=0.367894157728037
Znom=8
Fs=45.781988092903
Pe=250
SPL=94.0005402466657
Re=5.171
Le=0.00078
fLe=0
KLe=0
BL=11.19
Xmax=0.0042
Cms=0.000368
Qms=6.459
Qes=0.390114443304283
Rms=1.46255558413584
Mms=0.03284
Sd=0.035
Vas=0.063948234
Dia=0
Vd=0.000147
no=0.0152970250860961
Dd=0.211100412282238
EBP=117.355275813753
numVC=1
Hc=0
Hg=0
SPLmax=114.979940333386
SPLmaxLF=83.9108272749695
USPL=95.9005235794308
alfaVC=0
Rt=0
Ct=0
gamma=340.74299634592
Rme=24.2150647843744
Mpow=4.9208804887311
Mcost=0
Gloss=0.0282177481066667
VCCon=1
c=343.68275625794
roo=1.20096171470853
Thick=0
Depth=0
MagDepth=0
Magnet=0
Basket=0
Outer=0
Vcd=0
DVol=0
ParState=CCECEENNEENEECCCEECCNCCENNCCCNNNCCCCNCNNNNNNNNNCC
