[Driver]
Brand=Eminence
Model=Alpha6-A #1
Manufacturer=
ProvidedBy=Matt
Comment=
DateAdded=20130721
DateModified=20130721
Qts=0.559765210102039
Znom=12
Fs=89.2791441031319
Pe=100
SPL=91.4166626737121
Re=7.56
Le=0.00097
fLe=0
KLe=0
BL=8.14
Xmax=0.0035
Cms=0.00033
Qms=6.097
Qes=0.616352496415458
Rms=0.886012764354784
Mms=0.00963
Sd=0.01267
Vas=0.007514702946135
Dia=0
Vd=4.4345E-5
no=0.00843760560708006
Dd=0.127011594084141
EBP=144.850786883083
numVC=1
Hc=0
Hg=0
SPLmax=108.416662673712
SPLmaxLF=73.5013737646804
USPL=91.6671734291858
alfaVC=0
Rt=0
Ct=0
gamma=845.27518172378
Rme=8.76449735449735
Mpow=2.96048937753496
Mcost=0
Gloss=0.00890415801
VCCon=1
c=343.68275625794
roo=1.20096171470853
Thick=0
Depth=0
MagDepth=0
Magnet=0
Basket=0
Outer=0
Vcd=0
DVol=0
ParState=CCECEENNEENEECCCEECCNCCENNCCCNNNCCCCNCNNNNNNNNNCC
