[Driver]
Brand=Eminence
Model=Alpha-6C #1
Manufacturer=
ProvidedBy=Matt
Comment=
DateAdded=20130721
DateModified=20130721
Qts=0.537372363248905
Znom=6
Fs=91.2816201713866
Pe=100
SPL=90.7184633469302
Re=3.75
Le=0.00056
fLe=0
KLe=0
BL=6.68
Xmax=0.0035
Cms=0.00025
Qms=6.463
Qes=0.586104594581287
Rms=1.07910232239905
Mms=0.01216
Sd=0.01267
Vas=0.005692956777375
Dia=0
Vd=4.4345E-5
no=0.00718454532463334
Dd=0.127011594084141
EBP=155.742884487364
numVC=1
Hc=0
Hg=0
SPLmax=107.71846334693
SPLmaxLF=73.5013737646804
USPL=94.0138793801388
alfaVC=0
Rt=0
Ct=0
gamma=549.342105263158
Rme=11.8993066666667
Mpow=3.44953716702207
Mcost=0
Gloss=0.008517776
VCCon=1
c=343.68275625794
roo=1.20096171470853
Thick=0
Depth=0
MagDepth=0
Magnet=0
Basket=0
Outer=0
Vcd=0
DVol=0
ParState=CCECEENNEENEECCCEECCNCCENNCCCNNNCCCCNCNNNNNNNNNCC
