[Driver]
Brand=Dayton
Model=DS315-8
Manufacturer=
ProvidedBy=Matt
Comment=
DateAdded=20170417
DateModified=20170417
Qts=0.287648942064827
Znom=10
Fs=24.2259615517501
Pe=120
SPL=90.4479275392241
Re=6.258
Le=0.001414
fLe=0
KLe=0
BL=15.75
Xmax=0.0055
Cms=0.000472
Qms=1.591
Qes=0.351132923120628
Rms=8.74836571141028
Mms=0.09144
Sd=0.0506
Vas=0.1714303376016
Dia=0
Vd=0.0002783
no=0.00675065180915614
Dd=0.253822617123847
EBP=68.9937056783123
numVC=1
Hc=0
Hg=0
SPLmax=108.2397399997
SPLmaxLF=89.4547447066869
USPL=91.5193006616082
alfaVC=0
Rt=0
Ct=0
gamma=172.244094488189
Rme=39.6392617449664
Mpow=6.29597186659585
Mcost=0
Gloss=0.0769548865221818
VCCon=1
c=343.68275625794
roo=1.20096171470853
Thick=0
Depth=0
MagDepth=0
Magnet=0
Basket=0
Outer=0
Vcd=0
DVol=0
ParState=CCECEENNEENEECCCEECCNCCENNCCCNNNCCCCNCNNNNNNNNNCC
