[Driver]
Brand=Celestion
Model=FTX0617
Manufacturer=
ProvidedBy=Matt
Comment=
DateAdded=20160906
DateModified=20160906
Qts=0.807959123736776
Znom=8
Fs=114.384927464035
Pe=0
SPL=89.7823339217785
Re=5.578
Le=0.000626
fLe=0
KLe=0
BL=6.333
Xmax=0
Cms=0.000206
Qms=5.775
Qes=0.939385049532782
Rms=1.16958589355743
Mms=0.009398
Sd=0.01131
Vas=0.003737980903293
Dia=0
Vd=0
no=0.00579143713360491
Dd=0.120001413537319
EBP=121.765752521744
numVC=1
Hc=0
Hg=0
SPLmax=0
SPLmaxLF=0
USPL=91.353277532964
alfaVC=0
Rt=0
Ct=0
gamma=673.866780165993
Rme=7.19019164575116
Mpow=2.68145327122275
Mcost=0
Gloss=0
VCCon=1
c=343.68275625794
roo=1.20096171470853
Thick=0
Depth=0
MagDepth=0
Magnet=0
Basket=0
Outer=0
Vcd=0
DVol=0
ParState=CCNCEENNENNEECCCEENCNCCENNNNCNNNCCCCNNNNNNNNNNNCC
