[Driver]
Brand=Stereo Integrity
Model=HT 18 D4 series #1 Test3
Manufacturer=
ProvidedBy=Matt
Comment=
DateAdded=20130125
DateModified=20130125
Qts=0.495353231775082
Znom=10
Fs=18.3941920766221
Pe=600
SPL=86.8322994051574
Re=7.21
Le=0.0066
fLe=0
KLe=0
BL=26.14
Xmax=0.0235
Cms=0.00015
Qms=2.661
Qes=0.608656485024982
Rms=21.6772048068326
Mms=0.4991
Sd=0.1178
Vas=0.295274870729998
Dia=0
Vd=0.0027683
no=0.00293618147817827
Dd=0.387282349675017
EBP=30.2209744399044
numVC=1
Hc=0
Hg=0
SPLmax=111.613811908994
SPLmaxLF=109.408743634462
USPL=87.2886754684489
alfaVC=0
Rt=0
Ct=0
gamma=52.3742736926468
Rme=94.7710957004161
Mpow=9.73504472000083
Mcost=0
Gloss=0.0312414830744681
VCCon=1
c=343.68275625794
roo=1.20096171470853
Thick=0
Depth=0
MagDepth=0
Magnet=0
Basket=0
Outer=0
Vcd=0
DVol=0
ParState=CCECEENNEENEECCCEECCNCCENNCCCNNNCCCCNCNNNNNNNNNCC
