[Driver]
Brand=HiVi
Model=M5N
Manufacturer=
ProvidedBy=Matt
Comment=
DateAdded=20170406
DateModified=20170406
Qts=0.403674353602414
Znom=10
Fs=54.5200437502075
Pe=35
SPL=87.4342318277107
Re=6.474
Le=0.0009389
fLe=0
KLe=0
BL=7.12
Xmax=0.0027
Cms=0.000862
Qms=6.06
Qes=0.432483335606501
Rms=0.558835576083726
Mms=0.009886
Sd=0.0087
Vas=0.00925529826689995
Dia=0
Vd=2.349E-5
no=0.00337268776385921
Dd=0.105248202071085
EBP=126.062761872085
numVC=1
Hc=0
Hg=0
SPLmax=99.8749122712135
SPLmaxLF=67.9821409155581
USPL=88.358233587531
alfaVC=0
Rt=0
Ct=0
gamma=720.210398543395
Rme=7.83046030274946
Mpow=2.79829596410913
Mcost=0
Gloss=0.0309517196732593
VCCon=1
c=343.68275625794
roo=1.20096171470853
Thick=0
Depth=0
MagDepth=0
Magnet=0
Basket=0
Outer=0
Vcd=0
DVol=0
ParState=CCECEENNEENEECCCEECCNCCENNCCCNNNCCCCNCNNNNNNNNNCC
