[Driver]
Brand=Eminence
Model=2512-8
Manufacturer=
ProvidedBy=Matt
Comment=
DateAdded=20160925
DateModified=20160925
Qts=0.501810082887055
Znom=8
Fs=54.4493326978927
Pe=250
SPL=95.8890458636414
Re=5.2
Le=0.00079
fLe=0
KLe=0
BL=10.06
Xmax=0.0049
Cms=0.000243
Qms=2.668
Qes=0.618057212142797
Rms=4.50853526660815
Mms=0.03516
Sd=0.05195
Vas=0.0930297867589125
Dia=0
Vd=0.000254555
no=0.023629663691845
Dd=0.257186302802058
EBP=88.0975605949448
numVC=1
Hc=0
Hg=0
SPLmax=116.868445950362
SPLmaxLF=88.6801132184402
USPL=97.7647411377792
alfaVC=0
Rt=0
Ct=0
gamma=286.120591581342
Rme=19.4622307692308
Mpow=4.41160183711436
Mcost=0
Gloss=0.0170993552657143
VCCon=1
c=343.68275625794
roo=1.20096171470853
Thick=0
Depth=0
MagDepth=0
Magnet=0
Basket=0
Outer=0
Vcd=0
DVol=0
ParState=CCECEENNEENEECCCEECCNCCENNCCCNNNCCCCNCNNNNNNNNNCC
