[Driver]
Brand=Stereo Integrity
Model=HT 18 D4 series #2 Test1
Manufacturer=
ProvidedBy=Matt
Comment=
DateAdded=20130125
DateModified=20130125
Qts=0.484174726816398
Znom=10
Fs=17.1208595471494
Pe=600
SPL=86.0458733210965
Re=6.94
Le=0.00625
fLe=0
KLe=0
BL=27.04
Xmax=0.0235
Cms=0.00015
Qms=2.737
Qes=0.588233025912294
Rms=22.6427155460013
Mms=0.5761
Sd=0.1178
Vas=0.295274870729998
Dia=0
Vd=0.0027683
no=0.00244985446908922
Dd=0.387282349675017
EBP=29.1055734597638
numVC=1
Hc=0
Hg=0
SPLmax=110.827385824933
SPLmaxLF=109.408743634462
USPL=86.6680073270337
alfaVC=0
Rt=0
Ct=0
gamma=46.9362957819823
Rme=105.35469740634
Mpow=10.2642436353752
Mcost=0
Gloss=0.0360613472234043
VCCon=1
c=343.68275625794
roo=1.20096171470853
Thick=0
Depth=0
MagDepth=0
Magnet=0
Basket=0
Outer=0
Vcd=0
DVol=0
ParState=CCECEENNEENEECCCEECCNCCENNCCCNNNCCCCNCNNNNNNNNNCC
