[Driver]
Brand=Eminence
Model=Alpha-6C DATS
Manufacturer=
ProvidedBy=Matt
Comment=
DateAdded=20141019
DateModified=20141019
Qts=0.503085872085025
Znom=6
Fs=105.681411833567
Pe=100
SPL=92.620563385434
Re=3.536
Le=0.0005413
fLe=0
KLe=0
BL=5.981
Xmax=0.0035
Cms=0.000252
Qms=3.391
Qes=0.590725387486503
Rms=1.76235418657386
Mms=0.009
Sd=0.01266
Vas=0.005729445599976
Dia=0
Vd=4.431E-5
no=0.0111329252420892
Dd=0.126961461224842
EBP=178.901083434444
numVC=1
Hc=0
Hg=0
SPLmax=109.620563385434
SPLmaxLF=73.4945155806383
USPL=96.1711695325095
alfaVC=0
Rt=0
Ct=0
gamma=664.555555555556
Rme=10.1166179298643
Mpow=3.18066312737835
Mcost=0
Gloss=0.0063547092
VCCon=1
c=343.68275625794
roo=1.20096171470853
Thick=0
Depth=0
MagDepth=0
Magnet=0
Basket=0
Outer=0
Vcd=0
DVol=0
ParState=CCECEENNEENEECCCEECCNCCENNCCCNNNCCCCNCNNNNNNNNNCC
