[Driver]
Brand=Eminence
Model=CX2008
Manufacturer=
ProvidedBy=Matt
Comment=
DateAdded=20120927
DateModified=20120927
Qts=0.483102980367149
Znom=8
Fs=61.1664066513524
Pe=0
SPL=90.5158577029773
Re=5.52
Le=0.00158
fLe=0
KLe=0
BL=10.87
Xmax=0
Cms=0.00024
Qms=10.46
Qes=0.506495873887083
Rms=1.03648790286822
Mms=0.02821
Sd=0.02141
Vas=0.01560591454212
Dia=0
Vd=0
no=0.00685707223532278
Dd=0.165106204161987
EBP=120.76387944078
numVC=1
Hc=0
Hg=0
SPLmax=0
SPLmaxLF=0
USPL=92.1321956361711
alfaVC=0
Rt=0
Ct=0
gamma=385.324353066288
Rme=21.4052355072464
Mpow=4.6265792446738
Mcost=0
Gloss=0
VCCon=1
c=343.68275625794
roo=1.20096171470853
Thick=0
Depth=0
MagDepth=0
Magnet=0
Basket=0
Outer=0
Vcd=0
DVol=0
ParState=CCNCEENNENNEECCCEENCNCCENNNNCNNNCCCCNNNNNNNNNNNCC
