[Driver]
Brand=Dayton
Model=PA460-8 #1
Manufacturer=
ProvidedBy=Matt
Comment=
DateAdded=20150725
DateModified=20150725
Qts=0.296679673797036
Znom=8
Fs=24.9166728526049
Pe=500
SPL=95.5528927816448
Re=5.95
Le=0.004
fLe=0
KLe=0
BL=24.59
Xmax=0.006
Cms=0.000204
Qms=8
Qes=0.308105763472278
Rms=3.91390181928218
Mms=0.2
Sd=0.12441
Vas=0.447904469014002
Dia=0
Vd=0.00074646
no=0.0218696701284909
Dd=0.397999663015563
EBP=80.870518525197
numVC=1
Hc=0
Hg=0
SPLmax=119.542592825005
SPLmaxLF=98.0246113893525
USPL=96.8434518348451
alfaVC=0
Rt=0
Ct=0
gamma=122.95
Rme=101.624890756303
Mpow=10.0809171584882
Mcost=0
Gloss=0.06668522
VCCon=1
c=343.68275625794
roo=1.20096171470853
Thick=0
Depth=0
MagDepth=0
Magnet=0
Basket=0
Outer=0
Vcd=0
DVol=0
ParState=CCECEENNEENEECCCEECCNCCENNCCCNNNCCCCNCNNNNNNNNNCC
