[Driver]
Brand=GRS
Model=8FR-8 #1
Manufacturer=
ProvidedBy=Matt
Comment=
DateAdded=20150211
DateModified=20150211
Qts=0.538429423837613
Znom=10
Fs=51.5981336805633
Pe=60
SPL=90.0797558658769
Re=6.994
Le=0.001197
fLe=0
KLe=0
BL=8.495
Xmax=0.003
Cms=0.000471
Qms=3.55
Qes=0.634693561476893
Rms=1.84474727759887
Mms=0.0202
Sd=0.021
Vas=0.0294648439049998
Dia=0
Vd=6.3E-5
no=0.00620195400112975
Dd=0.163517676229325
EBP=81.2961353515192
numVC=1
Hc=0
Hg=0
SPLmax=104.861268369713
SPLmaxLF=76.5512915690776
USPL=90.6682282966304
alfaVC=0
Rt=0
Ct=0
gamma=420.544554455446
Rme=10.3181334000572
Mpow=3.21218514411252
Mcost=0
Gloss=0.03110080981
VCCon=1
c=343.68275625794
roo=1.20096171470853
Thick=0
Depth=0
MagDepth=0
Magnet=0
Basket=0
Outer=0
Vcd=0
DVol=0
ParState=CCECEENNEENEECCCEECCNCCENNCCCNNNCCCCNCNNNNNNNNNCC
