[Driver]
Brand=Celestion
Model=TF0818 8in woofer
Manufacturer=
ProvidedBy=Matt
Comment=
DateAdded=20111231
DateModified=20111231
Qts=0.505828804176574
Znom=10
Fs=94.0182898683466
Pe=100
SPL=94.3775846734675
Re=6.78
Le=0.00127
fLe=0
KLe=0
BL=11.27
Xmax=0.0035
Cms=0.00016
Qms=4.847
Qes=0.564767456349717
Rms=2.18280420564254
Mms=0.01791
Sd=0.0226645161290323
Vas=0.0116588988370114
Dia=0
Vd=7.93258064516131E-5
no=0.0166844318208061
Dd=0.169874536637401
EBP=166.472569924653
numVC=1
Hc=0
Hg=0
SPLmax=111.377584673468
SPLmaxLF=78.5527704994462
USPL=95.1010164452827
alfaVC=0
Rt=0
Ct=0
gamma=629.257398101619
Rme=18.7334660766962
Mpow=4.32821742484087
Mcost=0
Gloss=0.00802912464
VCCon=1
c=343.68275625794
roo=1.20096171470853
Thick=0
Depth=0
MagDepth=0
Magnet=0
Basket=0
Outer=0
Vcd=0
DVol=0
ParState=CCECEENNEENEECCCEECCNCCENNCCCNNNCCCCNCNNNNNNNNNCC
