[Driver]
Brand=Dayton
Model=PK165-8 #1
Manufacturer=
ProvidedBy=Matt
Comment=
DateAdded=20130721
DateModified=20130721
Qts=0.798772239973883
Znom=10
Fs=105.676752467481
Pe=100
SPL=89.3471278717359
Re=7.09
Le=0.00085
fLe=0
KLe=0
BL=7.45
Xmax=0.0015
Cms=0.00022
Qms=9.226
Qes=0.874483625677657
Rms=0.742001087779067
Mms=0.01031
Sd=0.01131
Vas=0.00399201844041
Dia=0
Vd=1.6965E-5
no=0.00523920921653119
Dd=0.120001413537319
EBP=120.844746962059
numVC=1
Hc=0
Hg=0
SPLmax=106.347127871736
SPLmaxLF=65.1555578596288
USPL=89.8763942303911
alfaVC=0
Rt=0
Ct=0
gamma=722.599418040737
Rme=7.82827926657264
Mpow=2.79790622905283
Mcost=0
Gloss=0.0148289623533333
VCCon=1
c=343.68275625794
roo=1.20096171470853
Thick=0
Depth=0
MagDepth=0
Magnet=0
Basket=0
Outer=0
Vcd=0
DVol=0
ParState=CCECEENNEENEECCCEECCNCCENNCCCNNNCCCCNCNNNNNNNNNCC
