[Driver]
Brand=Eminence
Model=Delta-12LFC
Manufacturer=
ProvidedBy=Matt
Comment=
DateAdded=20170118
DateModified=20170118
Qts=0.360802698427408
Znom=4
Fs=43.0238071626331
Pe=500
SPL=94.2435720450771
Re=3.142
Le=0.001452
fLe=0
KLe=0
BL=11.44
Xmax=0.0048
Cms=0.000226
Qms=4.408
Qes=0.3929678185074
Rms=3.71331052303852
Mms=0.06055
Sd=0.0506
Vas=0.0820831701228
Dia=0
Vd=0.00024288
no=0.0161774534467342
Dd=0.253822617123847
EBP=109.48430160528
numVC=1
Hc=0
Hg=0
SPLmax=118.233272088437
SPLmaxLF=88.2723156643138
USPL=98.3072389485234
alfaVC=0
Rt=0
Ct=0
gamma=188.934764657308
Rme=41.652959898154
Mpow=6.45391043462443
Mcost=0
Gloss=0.0279577376239583
VCCon=1
c=343.68275625794
roo=1.20096171470853
Thick=0
Depth=0
MagDepth=0
Magnet=0
Basket=0
Outer=0
Vcd=0
DVol=0
ParState=CCECEENNEENEECCCEECCNCCENNCCCNNNCCCCNCNNNNNNNNNCC
