[Driver]
Brand=Eminence
Model=Alpha-6A DATS
Manufacturer=
ProvidedBy=Matt
Comment=
DateAdded=20141019
DateModified=20141019
Qts=0.560461004409268
Znom=10
Fs=107.010790026054
Pe=100
SPL=93.2754258249254
Re=7.281
Le=0.001
fLe=0
KLe=0
BL=7.198
Xmax=0.0035
Cms=0.000316
Qms=3.672
Qes=0.661413149925866
Rms=1.28174846547104
Mms=0.007
Sd=0.01266
Vas=0.007184542895208
Dia=0
Vd=4.431E-5
no=0.0129448057183742
Dd=0.126961461224842
EBP=161.791143762485
numVC=1
Hc=0
Hg=0
SPLmax=110.275425824925
SPLmaxLF=73.4945155806383
USPL=93.6892442248953
alfaVC=0
Rt=0
Ct=0
gamma=1028.28571428571
Rme=7.11594616124159
Mpow=2.66757308451738
Mcost=0
Gloss=0.0061978028
VCCon=1
c=343.68275625794
roo=1.20096171470853
Thick=0
Depth=0
MagDepth=0
Magnet=0
Basket=0
Outer=0
Vcd=0
DVol=0
ParState=CCECEENNEENEECCCEECCNCCENNCCCNNNCCCCNCNNNNNNNNNCC
