[Driver]
Brand=Radian
Model=5210 10in coaxial
Manufacturer=
ProvidedBy=Matt
Comment=
DateAdded=20150409
DateModified=20150409
Qts=0.366136946152135
Znom=8
Fs=65.2088185257768
Pe=375
SPL=93.2240072175765
Re=4.883
Le=0
fLe=0
KLe=0
BL=14.46
Xmax=0.00465
Cms=0.000148
Qms=7.426
Qes=0.385125453764127
Rms=2.22073705777039
Mms=0.04025
Sd=0.0295
Vas=0.0182704984349999
Dia=0
Vd=0.000137175
no=0.0127924484626842
Dd=0.193805486428241
EBP=169.318381551884
numVC=1
Hc=0
Hg=0
SPLmax=115.964319894854
SPLmaxLF=83.3099799573683
USPL=95.372868685221
alfaVC=0
Rt=0
Ct=0
gamma=359.254658385093
Rme=42.8203153798894
Mpow=6.54372335753044
Mcost=0
Gloss=0.0125630567849462
VCCon=1
c=343.68275625794
roo=1.20096171470853
Thick=0
Depth=0
MagDepth=0
Magnet=0
Basket=0
Outer=0
Vcd=0
DVol=0
ParState=CCECENNNEENEECCCEECCNCCENNCCCNNNCCCCNCNNNNNNNNNCC
