[Driver]
Brand=Eminence
Model=CA154
Manufacturer=
ProvidedBy=Matt
Comment=
DateAdded=20160925
DateModified=20160925
Qts=0.471256457704405
Znom=4
Fs=44.4641476706626
Pe=300
SPL=97.6817138193344
Re=3.03
Le=0.00124
fLe=0
KLe=0
BL=10.13
Xmax=0.005
Cms=0.00021
Qms=7.405
Qes=0.503285713989038
Rms=2.30179054754466
Mms=0.06101
Sd=0.084
Vas=0.2101950648
Dia=0
Vd=0.00042
no=0.0357046134950902
Dd=0.32703535245865
EBP=88.34772463188
numVC=1
Hc=0
Hg=0
SPLmax=119.452926366531
SPLmaxLF=93.029466387964
USPL=101.903016244797
alfaVC=0
Rt=0
Ct=0
gamma=166.038354368136
Rme=33.8669636963696
Mpow=5.81953294486505
Mcost=0
Gloss=0.025128756093
VCCon=1
c=343.68275625794
roo=1.20096171470853
Thick=0
Depth=0
MagDepth=0
Magnet=0
Basket=0
Outer=0
Vcd=0
DVol=0
ParState=CCECEENNEENEECCCEECCNCCENNCCCNNNCCCCNCNNNNNNNNNCC
