[Driver]
Brand=Dayton
Model=PA310-8 #1
Manufacturer=
ProvidedBy=Matt
Comment=
DateAdded=20130721
DateModified=20130721
Qts=0.397221121623371
Znom=10
Fs=40.6709501277643
Pe=450
SPL=93.7712235806197
Re=6.13
Le=0.00047
fLe=0
KLe=0
BL=15.86
Xmax=0.005
Cms=0.00023
Qms=9.46
Qes=0.414631302494075
Rms=1.79852649908844
Mms=0.06658
Sd=0.05309
Vas=0.091959782366865
Dia=0
Vd=0.00026545
no=0.014510263940724
Dd=0.25999286034426
EBP=98.0894348379438
numVC=1
Hc=0
Hg=0
SPLmax=117.303348718373
SPLmaxLF=89.0441351735495
USPL=94.9323475459214
alfaVC=0
Rt=0
Ct=0
gamma=238.209672574347
Rme=41.0341924959217
Mpow=6.40579366635561
Mcost=0
Gloss=0.030034630822
VCCon=1
c=343.68275625794
roo=1.20096171470853
Thick=0
Depth=0
MagDepth=0
Magnet=0
Basket=0
Outer=0
Vcd=0
DVol=0
ParState=CCECEENNEENEECCCEECCNCCENNCCCNNNCCCCNCNNNNNNNNNCC
