[Driver]
Brand=GRS
Model=8PF-8 #1
Manufacturer=
ProvidedBy=Matt
Comment=
DateAdded=20150115
DateModified=20150115
Qts=0.931300889987633
Znom=12
Fs=51.8022229561264
Pe=100
SPL=87.1597394089608
Re=7.594
Le=0.001092
fLe=0
KLe=0
BL=6.453
Xmax=0.003
Cms=0.000458
Qms=3.901
Qes=1.22335786800523
Rms=1.71961136439358
Mms=0.02061
Sd=0.021
Vas=0.02865158919
Dia=0
Vd=6.3E-5
no=0.00316611652966375
Dd=0.163517676229325
EBP=42.3442921412632
numVC=1
Hc=0
Hg=0
SPLmax=104.159739408961
SPLmaxLF=76.5512915690777
USPL=87.3907621914089
alfaVC=0
Rt=0
Ct=0
gamma=313.100436681223
Rme=5.4834354753753
Mpow=2.34167364834968
Mcost=0
Gloss=0.030856231959
VCCon=1
c=343.68275625794
roo=1.20096171470853
Thick=0
Depth=0
MagDepth=0
Magnet=0
Basket=0
Outer=0
Vcd=0
DVol=0
ParState=CCECEENNEENEECCCEECCNCCENNCCCNNNCCCCNCNNNNNNNNNCC
