[Driver]
Brand=Dayton
Model=RS150-4
Manufacturer=
ProvidedBy=Matt
Comment=
DateAdded=20130324
DateModified=20130324
Qts=0.383651449842204
Znom=4
Fs=51.7397195043526
Pe=40
SPL=87.8455252047479
Re=2.9
Le=0.00047
fLe=0
KLe=0
BL=4.05
Xmax=0.0044
Cms=0.00121
Qms=2.62
Qes=0.449467860685513
Rms=0.970307526308783
Mms=0.00782
Sd=0.00849
Vas=0.012372156328455
Dia=0
Vd=3.7356E-5
no=0.00370770757901515
Dd=0.103970205995764
EBP=115.113279568957
numVC=1
Hc=0
Hg=0
SPLmax=100.866125118028
SPLmaxLF=72.0116879146088
USPL=92.2572739362441
alfaVC=0
Rt=0
Ct=0
gamma=517.902813299233
Rme=5.65603448275862
Mpow=2.37824188903455
Mcost=0
Gloss=0.021089200825
VCCon=1
c=343.68275625794
roo=1.20096171470853
Thick=0
Depth=0
MagDepth=0
Magnet=0
Basket=0
Outer=0
Vcd=0
DVol=0
ParState=CCECEENNEENEECCCEECCNCCENNCCCNNNCCCCNCNNNNNNNNNCC
