[Driver]
Brand=Dayton
Model=ND91-4
Manufacturer=
ProvidedBy=Matt
Comment=
DateAdded=20161004
DateModified=20161004
Qts=0.412031642282678
Znom=6
Fs=74.1419316059559
Pe=30
SPL=82.5406020553747
Re=4.3
Le=0.00083
fLe=0
KLe=0
BL=4.59
Xmax=0.0046
Cms=0.00096
Qms=4.24
Qes=0.456381558054551
Rms=0.527374522995233
Mms=0.0048
Sd=0.00304
Vas=0.00125852848128
Dia=0
Vd=1.3984E-5
no=0.001092982377584
Dd=0.06221453380035
EBP=162.456020181897
numVC=1
Hc=0
Hg=0
SPLmax=94.3118146025713
SPLmaxLF=63.4771088858126
USPL=85.2416462100646
alfaVC=0
Rt=0
Ct=0
gamma=956.25
Rme=4.89955813953488
Mpow=2.21349455376219
Mcost=0
Gloss=0.00982370504347826
VCCon=1
c=343.68275625794
roo=1.20096171470853
Thick=0
Depth=0
MagDepth=0
Magnet=0
Basket=0
Outer=0
Vcd=0
DVol=0
ParState=CCECEENNEENEECCCEECCNCCENNCCCNNNCCCCNCNNNNNNNNNCC
