[Driver]
Brand=Dayton
Model=RSS315HO-4
Manufacturer=Dayton Audio
ProvidedBy=Matt
Comment=
DateAdded=20090208
DateModified=20090208
Qts=0.401602208696236
Znom=6
Fs=31.6535925185453
Pe=700
SPL=85.8709833152845
Re=3.4
Le=0.00193
fLe=0
KLe=0
BL=20.7
Xmax=0.0123
Cms=9E-5
Qms=4.27
Qes=0.443295008333405
Rms=13.0835843863329
Mms=0.2809
Sd=0.05147
Vas=0.0338217047522549
Dia=0
Vd=0.000633081
no=0.00235316841367976
Dd=0.255995389348165
EBP=71.4052536651585
numVC=1
Hc=0
Hg=0
SPLmax=111.321963715427
SPLmaxLF=96.5935971936322
USPL=89.5919228553477
alfaVC=0
Rt=0
Ct=0
gamma=73.6917052331791
Rme=126.026470588235
Mpow=11.2261511921155
Mcost=0
Gloss=0.0201562535487805
VCCon=1
c=343.684120962152
roo=1.20095217714682
Thick=0
Depth=0
MagDepth=0
Magnet=0
Basket=0
Outer=0
Vcd=0
DVol=0
ParState=CCECEENNEENEECCCEECCNCCENNCCCNNNCCCCNCNNNNNNNNNCC
