[Driver]
Brand=Dayton
Model=ST305-8
Manufacturer=
ProvidedBy=Matt
Comment=
DateAdded=20120123
DateModified=20120123
Qts=0.344217624441696
Znom=8
Fs=29.4132825651492
Pe=275
SPL=91.753737379769
Re=6
Le=0.00307
fLe=0
KLe=0
BL=15.92
Xmax=0.008
Cms=0.00036
Qms=10.55
Qes=0.355827295176989
Rms=1.42469426515553
Mms=0.08133
Sd=0.05067
Vas=0.13111396693542
Dia=0
Vd=0.00040536
no=0.0091185690727117
Dd=0.253998125449246
EBP=82.6616815624528
numVC=1
Hc=0
Hg=0
SPLmax=113.147064318072
SPLmaxLF=92.7212984056583
USPL=93.0079535864184
alfaVC=0
Rt=0
Ct=0
gamma=195.745727283905
Rme=42.2410666666667
Mpow=6.4993127841847
Mcost=0
Gloss=0.0358908680025
VCCon=1
c=343.68275625794
roo=1.20096171470853
Thick=0
Depth=0
MagDepth=0
Magnet=0
Basket=0
Outer=0
Vcd=0
DVol=0
ParState=CCECEENNEENEECCCEECCNCCENNCCCNNNCCCCNCNNNNNNNNNCC
