[Driver]
Brand=Dayton
Model=PA255-8
Manufacturer=
ProvidedBy=Matt
Comment=
DateAdded=20110912
DateModified=20110912
Qts=0.484258968227234
Znom=8
Fs=46.4105238829569
Pe=300
SPL=92.705979565361
Re=5
Le=0.00133
fLe=0
KLe=0
BL=9.8
Xmax=0.005
Cms=0.00035
Qms=9.56
Qes=0.510097822320528
Rms=1.02489110576702
Mms=0.0336
Sd=0.03464
Vas=0.0595756046928
Dia=0
Vd=0.0001732
no=0.011354052833147
Dd=0.210011946873567
EBP=90.9835758008668
numVC=1
Hc=0
Hg=0
SPLmax=114.477192112558
SPLmaxLF=85.3354383336326
USPL=94.7520082324866
alfaVC=0
Rt=0
Ct=0
gamma=291.666666666667
Rme=19.208
Mpow=4.38269323589959
Mcost=0
Gloss=0.0230652408
VCCon=1
c=343.68275625794
roo=1.20096171470853
Thick=0
Depth=0
MagDepth=0
Magnet=0
Basket=0
Outer=0
Vcd=0
DVol=0
ParState=CCECEENNEENEECCCEECCNCCENNCCCNNNCCCCNCNNNNNNNNNCC
