[Driver]
Brand=Dayton
Model=RS180-4
Manufacturer=
ProvidedBy=Matt
Comment=
DateAdded=20120725
DateModified=20120725
Qts=0.475641140194705
Znom=4
Fs=40.2842584589495
Pe=60
SPL=86.5072699170589
Re=2.9
Le=0.00051
fLe=0
KLe=0
BL=4.26
Xmax=0.006
Cms=0.00109
Qms=2.66
Qes=0.579211344893527
Rms=1.36262584944125
Mms=0.01432
Sd=0.01267
Vas=0.0248212915493549
Dia=0
Vd=7.602E-5
no=0.00272445692534631
Dd=0.127011594084141
EBP=69.550188914816
numVC=1
Hc=0
Hg=0
SPLmax=101.288782420895
SPLmaxLF=78.1830378853477
USPL=90.9190186485551
alfaVC=0
Rt=0
Ct=0
gamma=297.486033519553
Rme=6.25779310344828
Mpow=2.50155813513264
Mcost=0
Gloss=0.0255116730866667
VCCon=1
c=343.68275625794
roo=1.20096171470853
Thick=0
Depth=0
MagDepth=0
Magnet=0
Basket=0
Outer=0
Vcd=0
DVol=0
ParState=CCECEENNEENEECCCEECCNCCENNCCCNNNCCCCNCNNNNNNNNNCC
