[Driver]
Brand=Dayton
Model=PA310-8
Manufacturer=
ProvidedBy=Matt
Comment=
DateAdded=20120623
DateModified=20120623
Qts=0.328568837839916
Znom=8
Fs=44.0721953304013
Pe=450
SPL=95.2643280422224
Re=5.7
Le=0.00153
fLe=0
KLe=0
BL=16.94
Xmax=0.005
Cms=0.00021
Qms=8.63
Qes=0.341573520898852
Rms=1.99262400076864
Mms=0.0621
Sd=0.05309
Vas=0.083963279552355
Dia=0
Vd=0.00026545
no=0.0204637753006738
Dd=0.25999286034426
EBP=129.026966769629
numVC=1
Hc=0
Hg=0
SPLmax=118.796453179976
SPLmaxLF=89.0441351735495
USPL=96.7413081959833
alfaVC=0
Rt=0
Ct=0
gamma=272.785829307568
Rme=50.3444912280702
Mpow=7.09538520646132
Mcost=0
Gloss=0.02557770453
VCCon=1
c=343.68275625794
roo=1.20096171470853
Thick=0
Depth=0
MagDepth=0
Magnet=0
Basket=0
Outer=0
Vcd=0
DVol=0
ParState=CCECEENNEENEECCCEECCNCCENNCCCNNNCCCCNCNNNNNNNNNCC
