[Driver]
Brand=Dayton
Model=SD270-88 10"
Manufacturer=Dayton
ProvidedBy=Matt Grant
Comment=
DateAdded=20081004
DateModified=20081004
Qts=0.439586300744055
Znom=4
Fs=29.5461814331792
Pe=80
SPL=89.6372799693226
Re=3.1
Le=0
fLe=0
KLe=0
BL=7.27
Xmax=0.006
Cms=0.00062
Qms=3.2
Qes=0.509588893418453
Rms=2.71504544606413
Mms=0.0468
Sd=0.03597
Vas=0.11379343653909
Dia=0
Vd=0.00021582
no=0.00560122057799044
Dd=0.214005669140151
EBP=57.9804266042296
numVC=2
Hc=0
Hg=0
SPLmax=105.668179839242
SPLmaxLF=87.246245363884
USPL=93.7593917414657
alfaVC=0
Rt=0
Ct=0
gamma=155.34188034188
Rme=17.0493225806452
Mpow=4.12908253497616
Mcost=0
Gloss=0.0474249594
VCCon=1
c=343.684120962152
roo=1.20095217714682
Thick=0
Depth=0
MagDepth=0
Magnet=0
Basket=0
Outer=0
Vcd=0
DVol=0
ParState=CCECENNNEENEECCCEECCNCCENNCCCNNNCCCCNCNNNNNNNNNCC
