[Driver]
Brand=Dayton
Model=PA200-8
Manufacturer=
ProvidedBy=Matt
Comment=
DateAdded=20150126
DateModified=20150126
Qts=0.609012033826309
Znom=10
Fs=68.6316867620121
Pe=250
SPL=89.9843023095969
Re=6.2
Le=0.0011
fLe=0
KLe=0
BL=9.26
Xmax=0.003
Cms=0.000227
Qms=3.47
Qes=0.738651047247709
Rms=2.94401573575243
Mms=0.02369
Sd=0.02104
Vas=0.014254827829536
Dia=0
Vd=6.312E-5
no=0.00606712838717245
Dd=0.16367333326241
EBP=92.9148980668759
numVC=1
Hc=0
Hg=0
SPLmax=110.963702396317
SPLmaxLF=76.5678203840333
USPL=91.0961141251001
alfaVC=0
Rt=0
Ct=0
gamma=390.882228788518
Rme=13.8302580645161
Mpow=3.71890549281857
Mcost=0
Gloss=0.0175788450798333
VCCon=1
c=343.68275625794
roo=1.20096171470853
Thick=0
Depth=0
MagDepth=0
Magnet=0
Basket=0
Outer=0
Vcd=0
DVol=0
ParState=CCECEENNEENEECCCEECCNCCENNCCCNNNCCCCNCNNNNNNNNNCC
