[Driver]
Brand=Dayton
Model=DS115-8 4in Designer Series
Manufacturer=
ProvidedBy=Matt
Comment=
DateAdded=20120322
DateModified=20120322
Qts=0.381108472746293
Znom=8
Fs=59.0354220395803
Pe=35
SPL=84.3158660358784
Re=5.9
Le=0.00086
fLe=0
KLe=0
BL=6.1
Xmax=0.0041
Cms=0.00092
Qms=2.12
Qes=0.464635056045253
Rms=1.38224100059513
Mms=0.0079
Sd=0.00541
Vas=0.00381968021946
Dia=0
Vd=2.2181E-5
no=0.00164490021672088
Dd=0.0829953368389889
EBP=127.05761494206
numVC=1
Hc=0
Hg=0
SPLmax=96.7565464793812
SPLmaxLF=67.4841030165321
USPL=85.6430746299428
alfaVC=0
Rt=0
Ct=0
gamma=772.151898734177
Rme=6.30677966101695
Mpow=2.51133025725749
Mcost=0
Gloss=0.0173840810243902
VCCon=1
c=343.68275625794
roo=1.20096171470853
Thick=0
Depth=0
MagDepth=0
Magnet=0
Basket=0
Outer=0
Vcd=0
DVol=0
ParState=CCECEENNEENEECCCEECCNCCENNCCCNNNCCCCNCNNNNNNNNNCC
