[Driver]
Brand=Dayton
Model=RS225P-4
Manufacturer=
ProvidedBy=Matt
Comment=
DateAdded=20140413
DateModified=20140413
Qts=0.350244929136644
Znom=4
Fs=37.0348166322126
Pe=80
SPL=89.868932588419
Re=3.08
Le=0.00045
fLe=0
KLe=0
BL=6.1
Xmax=0.006
Cms=0.00081
Qms=1.73
Qes=0.4391531078246
Rms=3.06675308575808
Mms=0.0228
Sd=0.02138
Vas=0.05252246117622
Dia=0
Vd=0.00012828
no=0.0059080779010882
Dd=0.164990489018118
EBP=84.3323569214147
numVC=1
Hc=0
Hg=0
SPLmax=105.899832458338
SPLmaxLF=82.7276596051341
USPL=94.0191541339003
alfaVC=0
Rt=0
Ct=0
gamma=267.543859649123
Rme=12.0811688311688
Mpow=3.47579758201896
Mcost=0
Gloss=0.0301848687
VCCon=1
c=343.68275625794
roo=1.20096171470853
Thick=0
Depth=0
MagDepth=0
Magnet=0
Basket=0
Outer=0
Vcd=0
DVol=0
ParState=CCECEENNEENEECCCEECCNCCENNCCCNNNCCCCNCNNNNNNNNNCC
