[Driver]
Brand=Dayton
Model=RSS315HFA-8
Manufacturer=
ProvidedBy=Matt
Comment=
DateAdded=20140412
DateModified=20140412
Qts=0.527013199262604
Znom=10
Fs=24.8582514994103
Pe=400
SPL=84.6569716223352
Re=6.45
Le=0.0016
fLe=0
KLe=0
BL=17.5
Xmax=0.0143
Cms=0.00021
Qms=2.94
Qes=0.64211656912444
Rms=10.3700996305627
Mms=0.1952
Sd=0.05067
Vas=0.076483147378995
Dia=0
Vd=0.000724581
no=0.00177930384181491
Dd=0.253998125449246
EBP=38.7129887230691
numVC=1
Hc=0
Hg=0
SPLmax=107.677571535615
SPLmaxLF=97.7662194151207
USPL=85.5971031864683
alfaVC=0
Rt=0
Ct=0
gamma=89.6516393442623
Rme=47.4806201550388
Mpow=6.89061827088388
Mcost=0
Gloss=0.0281114822937063
VCCon=1
c=343.68275625794
roo=1.20096171470853
Thick=0
Depth=0
MagDepth=0
Magnet=0
Basket=0
Outer=0
Vcd=0
DVol=0
ParState=CCECEENNEENEECCCEECCNCCENNCCCNNNCCCCNCNNNNNNNNNCC
