[Driver]
Brand=Dayton
Model=DS215-8
Manufacturer=
ProvidedBy=Matt
Comment=
DateAdded=20120417
DateModified=20120417
Qts=0.332698754866435
Znom=8
Fs=36.659580847597
Pe=80
SPL=88.808512645193
Re=5.8
Le=0.00126
fLe=0
KLe=0
BL=10
Xmax=0.0055
Cms=0.00062
Qms=1.84
Qes=0.406133618565408
Rms=3.80559987411364
Mms=0.0304
Sd=0.02112
Vas=0.03923052908544
Dia=0
Vd=0.00011616
no=0.00462811581986848
Dd=0.163984204071022
EBP=90.2648270711748
numVC=1
Hc=0
Hg=0
SPLmax=104.839412515112
SPLmaxLF=81.8656126471264
USPL=90.2099614200495
alfaVC=0
Rt=0
Ct=0
gamma=328.947368421053
Rme=17.2413793103448
Mpow=4.152273992687
Mcost=0
Gloss=0.0336064980363636
VCCon=1
c=343.68275625794
roo=1.20096171470853
Thick=0
Depth=0
MagDepth=0
Magnet=0
Basket=0
Outer=0
Vcd=0
DVol=0
ParState=CCECEENNEENEECCCEECCNCCENNCCCNNNCCCCNCNNNNNNNNNCC
