[Driver]
Brand=Dayton
Model=DA135-8
Manufacturer=
ProvidedBy=Matt
Comment=
DateAdded=20170310
DateModified=20170310
Qts=0.542746863774165
Znom=10
Fs=56.4741524711197
Pe=30
SPL=84.9810883854395
Re=6.4
Le=0.00097
fLe=0
KLe=0
BL=5.32
Xmax=0.003
Cms=0.00093
Qms=2.61
Qes=0.685242310013755
Rms=1.16103938906449
Mms=0.00854
Sd=0.00754
Vas=0.00750015585774
Dia=0
Vd=2.262E-5
no=0.00191717515729122
Dd=0.0979807438597153
EBP=82.4148649986106
numVC=1
Hc=0
Hg=0
SPLmax=96.7523009326361
SPLmaxLF=67.6543325917948
USPL=85.9550173560864
alfaVC=0
Rt=0
Ct=0
gamma=622.950819672131
Rme=4.42225
Mpow=2.10291464401197
Mcost=0
Gloss=0.02596212521
VCCon=1
c=343.68275625794
roo=1.20096171470853
Thick=0
Depth=0
MagDepth=0
Magnet=0
Basket=0
Outer=0
Vcd=0
DVol=0
ParState=CCECEENNEENEECCCEECCNCCENNCCCNNNCCCCNCNNNNNNNNNCC
