[Driver]
Brand=Dayton
Model=DS135-8
Manufacturer=
ProvidedBy=Matt
Comment=
DateAdded=20131019
DateModified=20131019
Qts=0.356776101747103
Znom=8
Fs=50.902549532956
Pe=50
SPL=85.6261220447769
Re=5.9
Le=0.00088
fLe=0
KLe=0
BL=6.7
Xmax=0.00485
Cms=0.00094
Qms=1.94
Qes=0.437174829253885
Rms=1.71455338853808
Mms=0.0104
Sd=0.00754
Vas=0.00758080269492
Dia=0
Vd=3.6569E-5
no=0.00222415555838384
Dd=0.0979807438597153
EBP=116.435224827171
numVC=1
Hc=0
Hg=0
SPLmax=99.6158220881371
SPLmaxLF=71.8267422694468
USPL=86.9533306388413
alfaVC=0
Rt=0
Ct=0
gamma=644.230769230769
Rme=7.60847457627119
Mpow=2.75834634813527
Mcost=0
Gloss=0.0197669712164948
VCCon=1
c=343.68275625794
roo=1.20096171470853
Thick=0
Depth=0
MagDepth=0
Magnet=0
Basket=0
Outer=0
Vcd=0
DVol=0
ParState=CCECEENNEENEECCCEECCNCCENNCCCNNNCCCCNCNNNNNNNNNCC
