[Driver]
Brand=Dayton
Model=ST385-8
Manufacturer=
ProvidedBy=Matt
Comment=
DateAdded=20130503
DateModified=20130503
Qts=0.314663656957584
Znom=8
Fs=18.7331880519124
Pe=300
SPL=89.9444310343071
Re=5.8
Le=0.00409
fLe=0
KLe=0
BL=22.41
Xmax=0.008
Cms=0.0003
Qms=8.3
Qes=0.327063036615047
Rms=3.41200054421838
Mms=0.2406
Sd=0.08501
Vas=0.30754306280565
Dia=0
Vd=0.00068008
no=0.00601168280317268
Dd=0.328995583097914
EBP=57.2769954250787
numVC=1
Hc=0
Hg=0
SPLmax=111.715643581504
SPLmaxLF=97.2156806433947
USPL=91.3458798091635
alfaVC=0
Rt=0
Ct=0
gamma=93.142144638404
Rme=86.5876034482759
Mpow=9.30524601761156
Mcost=0
Gloss=0.088480499625
VCCon=1
c=343.68275625794
roo=1.20096171470853
Thick=0
Depth=0
MagDepth=0
Magnet=0
Basket=0
Outer=0
Vcd=0
DVol=0
ParState=CCECEENNEENEECCCEECCNCCENNCCCNNNCCCCNCNNNNNNNNNCC
