[Driver]
Brand=Dayton
Model=RSS265HO-4
Manufacturer=Dayton Audio
ProvidedBy=Matt
Comment=
DateAdded=20090208
DateModified=20090208
Qts=0.372842614496718
Znom=6
Fs=30.5626707934352
Pe=600
SPL=84.0182352507256
Re=3.4
Le=0.0019
fLe=0
KLe=0
BL=18.3
Xmax=0.0123
Cms=0.00013
Qms=4.48
Qes=0.406688801077102
Rms=8.94143990235759
Mms=0.2086
Sd=0.03493
Vas=0.0225001374766349
Dia=0
Vd=0.000429639
no=0.00153595398063994
Dd=0.210889206214067
EBP=75.150018177267
numVC=1
Hc=0
Hg=0
SPLmax=108.799747754562
SPLmaxLF=93.2264855413818
USPL=87.7391747907888
alfaVC=0
Rt=0
Ct=0
gamma=87.7277085330777
Rme=98.4970588235294
Mpow=9.92456844520352
Mcost=0
Gloss=0.0216208727398374
VCCon=1
c=343.684120962152
roo=1.20095217714682
Thick=0
Depth=0
MagDepth=0
Magnet=0
Basket=0
Outer=0
Vcd=0
DVol=0
ParState=CCECEENNEENEECCCEECCNCCENNCCCNNNCCCCNCNNNNNNNNNCC
