[Driver]
Brand=Dayton
Model=PA460-8
Manufacturer=
ProvidedBy=Matt
Comment=
DateAdded=20110908
DateModified=20110908
Qts=0.327939253157391
Znom=8
Fs=27.9219198406834
Pe=500
SPL=96.3277865604937
Re=5.6
Le=0.0039
fLe=0
KLe=0
BL=22.3
Xmax=0.006
Cms=0.00019
Qms=11.2
Qes=0.337831044259889
Rms=2.67857142857143
Mms=0.171
Sd=0.12441
Vas=0.417165927022843
Dia=0
Vd=0.00074646
no=0.0261415666033915
Dd=0.397999663015563
EBP=82.650544747461
numVC=1
Hc=0
Hg=0
SPLmax=120.317486603854
SPLmaxLF=98.0246113893525
USPL=97.8816350009175
alfaVC=0
Rt=0
Ct=0
gamma=130.409356725146
Rme=88.8017857142857
Mpow=9.42346994022296
Mcost=0
Gloss=0.05310300975
VCCon=1
c=343.68275625794
roo=1.20096171470853
Thick=0
Depth=0
MagDepth=0
Magnet=0
Basket=0
Outer=0
Vcd=0
DVol=0
ParState=CCECEENNEENEECCCEECCNCCENNCCCNNNCCCCNCNNNNNNNNNCC
