[Driver]
Brand=Dayton
Model=RS270-8
Manufacturer=
ProvidedBy=Matt
Comment=
DateAdded=20130416
DateModified=20130416
Qts=0.399481362223234
Znom=10
Fs=24.8219461616492
Pe=100
SPL=87.6213996488196
Re=6.78
Le=0.0009
fLe=0
KLe=0
BL=10.8
Xmax=0.0066
Cms=0.00072
Qms=1.75
Qes=0.517647342536131
Rms=5.08878095519716
Mms=0.0571
Sd=0.03464
Vas=0.12255552965376
Dia=0
Vd=0.000228624
no=0.0035212180476029
Dd=0.210011946873567
EBP=47.9514606218937
numVC=1
Hc=0
Hg=0
SPLmax=104.62139964882
SPLmaxLF=87.7469169577496
USPL=88.3448314206347
alfaVC=0
Rt=0
Ct=0
gamma=189.141856392294
Rme=17.2035398230088
Mpow=4.14771501226987
Mcost=0
Gloss=0.0610865143636364
VCCon=1
c=343.68275625794
roo=1.20096171470853
Thick=0
Depth=0
MagDepth=0
Magnet=0
Basket=0
Outer=0
Vcd=0
DVol=0
ParState=CCECEENNEENEECCCEECCNCCENNCCCNNNCCCCNCNNNNNNNNNCC
