[Driver]
Brand=Dayton 
Model=RSS390HO-4
Manufacturer=Dayton Audio
ProvidedBy=Matt
Comment=
DateAdded=20090125
DateModified=20090125
Qts=0.383287719742359
Znom=4
Fs=24.5974109566908
Pe=800
SPL=87.8460221253047
Re=3.3
Le=0.0016
fLe=0
KLe=0
BL=21.52
Xmax=0.012
Cms=0.00011
Qms=4.48
Qes=0.419148055068632
Rms=13.1298581873685
Mms=0.3806
Sd=0.08296
Vas=0.10739271452448
Dia=0
Vd=0.00099552
no=0.00370814656422393
Dd=0.325004542477838
EBP=58.6843017860674
numVC=1
Hc=0
Hg=0
SPLmax=113.876921995224
SPLmaxLF=100.525411388413
USPL=91.6966114370116
alfaVC=0
Rt=0
Ct=0
gamma=56.5423016290068
Rme=140.336484848485
Mpow=11.8463701127596
Mcost=0
Gloss=0.0342137674083333
VCCon=1
c=343.684120962152
roo=1.20095217714682
Thick=0
Depth=0
MagDepth=0
Magnet=0
Basket=0
Outer=0
Vcd=0
DVol=0
ParState=CCECEENNEENEECCCEECCNCCENNCCCNNNCCCCNCNNNNNNNNNCC
