[Driver]
Brand=Dayton
Model=DS315-8
Manufacturer=
ProvidedBy=Matt
Comment=
DateAdded=20120622
DateModified=20120622
Qts=0.322331905770639
Znom=10
Fs=24.2441347469281
Pe=120
SPL=89.1711604418978
Re=6.1
Le=0.0014
fLe=0
KLe=0
BL=16.2
Xmax=0.0055
Cms=0.00039
Qms=1.83
Qes=0.391244856754615
Rms=9.19809192929151
Mms=0.1105
Sd=0.05067
Vas=0.142040130846705
Dia=0
Vd=0.000278685
no=0.00503117007321228
Dd=0.253998125449246
EBP=61.9666542022654
numVC=1
Hc=0
Hg=0
SPLmax=106.962972902374
SPLmaxLF=89.4667524557043
USPL=90.3535908022759
alfaVC=0
Rt=0
Ct=0
gamma=146.606334841629
Rme=43.0229508196721
Mpow=6.55918827444922
Mcost=0
Gloss=0.0768395603181818
VCCon=1
c=343.68275625794
roo=1.20096171470853
Thick=0
Depth=0
MagDepth=0
Magnet=0
Basket=0
Outer=0
Vcd=0
DVol=0
ParState=CCECEENNEENEECCCEECCNCCENNCCCNNNCCCCNCNNNNNNNNNCC
