[Driver]
Brand=Dayton
Model=PA460-8
Manufacturer=
ProvidedBy=Matt
Comment=
DateAdded=20110908
DateModified=20110908
Qts=0.26464896921789
Znom=8
Fs=26.1092241338113
Pe=500
SPL=96.9803796878504
Re=5.3
Le=0.00331
fLe=0
KLe=0
BL=23.1
Xmax=0.006
Cms=0.00022
Qms=6.9
Qes=0.275204413320723
Rms=4.01563650511542
Mms=0.1689
Sd=0.12441
Vas=0.483034231289607
Dia=0
Vd=0.00074646
no=0.0303802205956495
Dd=0.397999663015563
EBP=94.8721127643535
numVC=1
Hc=0
Hg=0
SPLmax=120.970079731211
SPLmaxLF=98.0246113893525
USPL=98.7733497023283
alfaVC=0
Rt=0
Ct=0
gamma=136.767317939609
Rme=100.681132075472
Mpow=10.0339988078269
Mcost=0
Gloss=0.06073258345
VCCon=1
c=343.68275625794
roo=1.20096171470853
Thick=0
Depth=0
MagDepth=0
Magnet=0
Basket=0
Outer=0
Vcd=0
DVol=0
ParState=CCECEENNEENEECCCEECCNCCENNCCCNNNCCCCNCNNNNNNNNNCC
