[Driver]
Brand=Dayton
Model=DC160-8
Manufacturer=
ProvidedBy=Matt
Comment=
DateAdded=20130916
DateModified=20130916
Qts=0.327016494907429
Znom=10
Fs=34.3057336157428
Pe=50
SPL=86.4537232076261
Re=6.7
Le=0.00234
fLe=0
KLe=0
BL=9.47
Xmax=0.00315
Cms=0.00096
Qms=3.47
Qes=0.361041423058743
Rms=1.3926844060901
Mms=0.02242
Sd=0.01348
Vas=0.02474546764032
Dia=0
Vd=4.2462E-5
no=0.0026910717364665
Dd=0.131008660259656
EBP=95.0188300420065
numVC=1
Hc=0
Hg=0
SPLmax=100.443423250986
SPLmaxLF=73.124489499784
USPL=87.2287038911037
alfaVC=0
Rt=0
Ct=0
gamma=422.390722569135
Rme=13.3852089552239
Mpow=3.65858018297042
Mcost=0
Gloss=0.0670065045333333
VCCon=1
c=343.68275625794
roo=1.20096171470853
Thick=0
Depth=0
MagDepth=0
Magnet=0
Basket=0
Outer=0
Vcd=0
DVol=0
ParState=CCECEENNEENEECCCEECCNCCENNCCCNNNCCCCNCNNNNNNNNNCC
