[Driver]
Brand=Dayton
Model=RSS460HO-4
Manufacturer=
ProvidedBy=Matt
Comment=
DateAdded=20121007
DateModified=20121007
Qts=0.392659051608806
Znom=6
Fs=19.9122658565612
Pe=900
SPL=89.2043523391574
Re=3.41
Le=0.0021
fLe=0
KLe=0
BL=20.4
Xmax=0.01275
Cms=0.00015
Qms=3.9
Qes=0.43661860190033
Rms=13.6629218262156
Mms=0.4259
Sd=0.1164
Vas=0.28829815812
Dia=0
Vd=0.0014841
no=0.00506976919436397
Dd=0.38497413290658
EBP=45.6056287338547
numVC=1
Hc=0
Hg=0
SPLmax=115.746777433551
SPLmaxLF=103.993743881683
USPL=92.9125372597182
alfaVC=0
Rt=0
Ct=0
gamma=47.8985677389058
Rme=122.041055718475
Mpow=11.0472193659072
Mcost=0
Gloss=0.0491370851176471
VCCon=1
c=343.68275625794
roo=1.20096171470853
Thick=0
Depth=0
MagDepth=0
Magnet=0
Basket=0
Outer=0
Vcd=0
DVol=0
ParState=CCECEENNEENEECCCEECCNCCENNCCCNNNCCCCNCNNNNNNNNNCC
