[Driver]
Brand=
Model=
Manufacturer=
ProvidedBy=Matt
Comment=
DateAdded=20110529
DateModified=20110529
Qts=0.345230047212643
Znom=4
Fs=31.0441050383596
Pe=200
SPL=87.8970095882011
Re=3
Le=0.0016
fLe=0
KLe=0
BL=12.13
Xmax=0.0083
Cms=0.000281407131097507
Qms=4.89
Qes=0.371454429686689
Rms=3.72560690356969
Mms=0.0934
Sd=0.03464
Vas=0.0479
Dia=0
Vd=0.000287512
no=0.0037519229671664
Dd=0.210011946873567
EBP=83.5744644761524
numVC=1
Hc=0
Hg=0
SPLmax=107.907309544841
SPLmaxLF=89.7376000944337
USPL=92.1615257514903
alfaVC=0
Rt=0
Ct=0
gamma=129.871520342612
Rme=49.0456333333333
Mpow=7.00325876527016
Mcost=0
Gloss=0.0310545012071525
VCCon=1
c=343.68275625794
roo=1.20096171470853
Thick=0
Depth=0
MagDepth=0
Magnet=0
Basket=0
Outer=0
Vcd=0
DVol=0
ParState=CCECEENNEENCECCCEECENCCENNCCCNNNCCCCNCNNNNNNNNNCC
