[Driver]
Brand=Dayton
Model=RSS315HF-4
Manufacturer=Dayton Audio
ProvidedBy=Matt
Comment=
DateAdded=20090208
DateModified=20090208
Qts=0.412453758420385
Znom=4
Fs=21.0313870176594
Pe=400
SPL=85.0129317436824
Re=3.3
Le=0.00104
fLe=0
KLe=0
BL=13.95
Xmax=0.0143
Cms=0.00027
Qms=3.12
Qes=0.475284856269281
Rms=8.98325769640081
Mms=0.2121
Sd=0.05147
Vas=0.101465114256765
Dia=0
Vd=0.000736021
no=0.00193129160684523
Dd=0.255995389348165
EBP=44.2500675968176
numVC=1
Hc=0
Hg=0
SPLmax=108.033531656962
SPLmaxLF=97.9022157141455
USPL=88.8635210553894
alfaVC=0
Rt=0
Ct=0
gamma=65.7708628005658
Rme=58.9704545454545
Mpow=7.67922226175637
Mcost=0
Gloss=0.0392725472412587
VCCon=1
c=343.684120962152
roo=1.20095217714682
Thick=0
Depth=0
MagDepth=0
Magnet=0
Basket=0
Outer=0
Vcd=0
DVol=0
ParState=CCECEENNEENEECCCEECCNCCENNCCCNNNCCCCNCNNNNNNNNNCC
