[Driver]
Brand=Dayton
Model=DA270-8
Manufacturer=
ProvidedBy=Matt
Comment=
DateAdded=20120603
DateModified=20120603
Qts=0.430777699636162
Znom=10
Fs=27.7761124741595
Pe=80
SPL=88.2886183215489
Re=6.3
Le=0.0012
fLe=0
KLe=0
BL=10.1
Xmax=0.0061
Cms=0.00064
Qms=1.95
Qes=0.552925344822375
Rms=4.59128322550512
Mms=0.0513
Sd=0.03464
Vas=0.108938248581119
Dia=0
Vd=0.000211304
no=0.00410596068263803
Dd=0.210011946873567
EBP=50.2348332089614
numVC=1
Hc=0
Hg=0
SPLmax=104.319518191468
SPLmaxLF=87.0626349471275
USPL=89.3309415374988
alfaVC=0
Rt=0
Ct=0
gamma=196.881091617934
Rme=16.1920634920635
Mpow=4.02393631809246
Mcost=0
Gloss=0.0527822840655738
VCCon=1
c=343.68275625794
roo=1.20096171470853
Thick=0
Depth=0
MagDepth=0
Magnet=0
Basket=0
Outer=0
Vcd=0
DVol=0
ParState=CCECEENNEENEECCCEECCNCCENNCCCNNNCCCCNCNNNNNNNNNCC
