[Driver]
Brand=Dayton
Model=TIT280C-4
Manufacturer=Dayton
ProvidedBy=Matt
Comment=
DateAdded=20090208
DateModified=20090208
Qts=0.438012942103223
Znom=4
Fs=29.2241494148018
Pe=400
SPL=84.0023273090664
Re=3.3
Le=0.00309
fLe=0
KLe=0
BL=14.25
Xmax=0.0192
Cms=0.00019
Qms=7.34
Qes=0.465810058475734
Rms=3.90506791343525
Mms=0.1561
Sd=0.03301
Vas=0.0293690093622449
Dia=0
Vd=0.000633792
no=0.00153033816647697
Dd=0.205011310350692
EBP=62.7383391213829
numVC=1
Hc=0
Hg=0
SPLmax=107.022927222346
SPLmaxLF=96.6033466605181
USPL=87.8529166207734
alfaVC=0
Rt=0
Ct=0
gamma=91.2876361306855
Rme=61.5340909090909
Mpow=7.84436682652532
Mcost=0
Gloss=0.0151487204348958
VCCon=1
c=343.684120962152
roo=1.20095217714682
Thick=0
Depth=0
MagDepth=0
Magnet=0
Basket=0
Outer=0
Vcd=0
DVol=0
ParState=CCECEENNEENEECCCEECCNCCENNCCCNNNCCCCNCNNNNNNNNNCC
