[Driver]
Brand=Dayton
Model=DC160-4
Manufacturer=
ProvidedBy=Matt
Comment=
DateAdded=20130916
DateModified=20130916
Qts=0.329379675546366
Znom=6
Fs=30.2683168298202
Pe=60
SPL=86.0765950776351
Re=3.6
Le=0.00103
fLe=0
KLe=0
BL=6.31
Xmax=0.0034
Cms=0.00128
Qms=2.91
Qes=0.371420331289089
Rms=1.41165607604424
Mms=0.0216
Sd=0.01368
Vas=0.03398026899456
Dia=0
Vd=4.6512E-5
no=0.00246724604799735
Dd=0.131976956215761
EBP=81.493430165139
numVC=1
Hc=0
Hg=0
SPLmax=100.858107581472
SPLmaxLF=73.9157808685331
USPL=89.5492987804481
alfaVC=0
Rt=0
Ct=0
gamma=292.12962962963
Rme=11.0600277777778
Mpow=3.32566200594375
Mcost=0
Gloss=0.0797453703529412
VCCon=1
c=343.68275625794
roo=1.20096171470853
Thick=0
Depth=0
MagDepth=0
Magnet=0
Basket=0
Outer=0
Vcd=0
DVol=0
ParState=CCECEENNEENEECCCEECCNCCENNCCCNNNCCCCNCNNNNNNNNNCC
