[Driver]
Brand=Dayton
Model=RS125-8
Manufacturer=
ProvidedBy=Matt
Comment=
DateAdded=20170410
DateModified=20170410
Qts=0.339064385505653
Znom=10
Fs=59.3217849938112
Pe=30
SPL=85.8203526265142
Re=6.2
Le=0.00057
fLe=0
KLe=0
BL=5.69
Xmax=0.004
Cms=0.00122
Qms=1.74
Qes=0.421127155792082
Rms=1.26385381058955
Mms=0.0059
Sd=0.00528
Vas=0.00482472232704
Dia=0
Vd=2.112E-5
no=0.00232588488765119
Dd=0.0819921020355111
EBP=140.864307081397
numVC=1
Hc=0
Hg=0
SPLmax=97.5915651737109
SPLmaxLF=67.0583588572415
USPL=86.9321644420175
alfaVC=0
Rt=0
Ct=0
gamma=964.406779661017
Rme=5.22195161290323
Mpow=2.28515899072761
Mcost=0
Gloss=0.017647066675
VCCon=1
c=343.68275625794
roo=1.20096171470853
Thick=0
Depth=0
MagDepth=0
Magnet=0
Basket=0
Outer=0
Vcd=0
DVol=0
ParState=CCECEENNEENEECCCEECCNCCENNCCCNNNCCCCNCNNNNNNNNNCC
