[Driver]
Brand=Dayton
Model=ND105-8
Manufacturer=
ProvidedBy=Matt
Comment=
DateAdded=20120225
DateModified=20120225
Qts=0.666103117505995
Znom=12
Fs=65.3
Pe=30
SPL=83.2881828261362
Re=7.6
Le=0.00137
fLe=0
KLe=0
BL=5.22269148786891
Xmax=0.0045
Cms=0.000930269833835435
Qms=7.61
Qes=0.73
Rms=0.344281237560423
Mms=0.00638564781732607
Sd=0.00515
Vas=0.0035
Dia=0
Vd=2.3175E-5
no=0.00129828857962937
Dd=0.0809764388904951
EBP=89.4520547945205
numVC=1
Hc=0
Hg=0
SPLmax=95.0593953733328
SPLmaxLF=67.8648754363367
USPL=83.5157756138141
alfaVC=0
Rt=0
Ct=0
gamma=817.879663469425
Rme=3.589013997034
Mpow=1.89446931805031
Mcost=0
Gloss=0.0129455963844589
VCCon=1
c=343.68275625794
roo=1.20096171470853
Thick=0
Depth=0
MagDepth=0
Magnet=0
Basket=0
Outer=0
Vcd=0
DVol=0
ParState=CEECEENNCEECEECCCECENCCENNCCCNNNCCCCNCNNNNNNNNNCC
