[Driver]
Brand=Dayton
Model=DVC310-88
Manufacturer=
ProvidedBy=Matt
Comment=
DateAdded=20120907
DateModified=20120907
Qts=0.383600189833233
Znom=4
Fs=22.1005903871493
Pe=600
SPL=84.8855183625897
Re=2.8
Le=0.00176
fLe=0
KLe=0
BL=15.85
Xmax=0.0151
Cms=0.0002
Qms=8.69
Qes=0.401315338273353
Rms=4.14349180377188
Mms=0.2593
Sd=0.05027
Vas=0.0716955852458996
Dia=0
Vd=0.000759077
no=0.00187544697825804
Dd=0.252993580775949
EBP=55.0703855034209
numVC=1
Hc=0
Hg=0
SPLmax=109.667030866426
SPLmaxLF=98.1701972304309
USPL=89.4496667596533
alfaVC=0
Rt=0
Ct=0
gamma=61.1261087543386
Rme=89.7223214285714
Mpow=9.47218672897507
Mcost=0
Gloss=0.0336803224503311
VCCon=1
c=343.68275625794
roo=1.20096171470853
Thick=0
Depth=0
MagDepth=0
Magnet=0
Basket=0
Outer=0
Vcd=0
DVol=0
ParState=CCECEENNEENEECCCEECCNCCENNCCCNNNCCCCNCNNNNNNNNNCC
