[Driver]
Brand=Dayton
Model=DC300-8
Manufacturer=
ProvidedBy=Matt
Comment=
DateAdded=20110919
DateModified=20110919
Qts=0.423657185903287
Znom=10
Fs=26.2701317157615
Pe=80
SPL=89.1330740875706
Re=6.4
Le=0.0027
fLe=0
KLe=0
BL=14.67
Xmax=0.0043
Cms=0.00038
Qms=3.98
Qes=0.474126283105066
Rms=4.00581799026891
Mms=0.09659
Sd=0.04988
Vas=0.13411616743056
Dia=0
Vd=0.000214484
no=0.00498724108864275
Dd=0.252010294415506
EBP=55.407457151959
numVC=1
Hc=0
Hg=0
SPLmax=105.16397395749
SPLmaxLF=87.1923785877279
USPL=90.1070030582176
alfaVC=0
Rt=0
Ct=0
gamma=151.879076508955
Rme=33.626390625
Mpow=5.79882665933377
Mcost=0
Gloss=0.0837081960302326
VCCon=1
c=343.68275625794
roo=1.20096171470853
Thick=0
Depth=0
MagDepth=0
Magnet=0
Basket=0
Outer=0
Vcd=0
DVol=0
ParState=CCECEENNEENEECCCEECCNCCENNCCCNNNCCCCNCNNNNNNNNNCC
