[Driver]
Brand=Dayton
Model=DA215-8
Manufacturer=
ProvidedBy=Matt
Comment=
DateAdded=20120603
DateModified=20120603
Qts=0.368206152642019
Znom=10
Fs=35.0626196838814
Pe=60
SPL=88.146322555889
Re=6.8
Le=0.00144
fLe=0
KLe=0
BL=10
Xmax=0.0053
Cms=0.00068
Qms=1.95
Qes=0.45391629184245
Rms=3.42319978765045
Mms=0.0303
Sd=0.02112
Vas=0.04302703190016
Dia=0
Vd=0.000111936
no=0.00397360972449196
Dd=0.163984204071022
EBP=77.2446821451637
numVC=1
Hc=0
Hg=0
SPLmax=102.927835059725
SPLmaxLF=81.5438762492573
USPL=88.8569621393125
alfaVC=0
Rt=0
Ct=0
gamma=330.03300330033
Rme=14.7058823529412
Mpow=3.83482494423685
Mcost=0
Gloss=0.0381238144528302
VCCon=1
c=343.68275625794
roo=1.20096171470853
Thick=0
Depth=0
MagDepth=0
Magnet=0
Basket=0
Outer=0
Vcd=0
DVol=0
ParState=CCECEENNEENEECCCEECCNCCENNCCCNNNCCCCNCNNNNNNNNNCC
