[Driver]
Brand=Dayton
Model=RS125-4
Manufacturer=
ProvidedBy=Matt
Comment=
DateAdded=20170410
DateModified=20170410
Qts=0.370167323913786
Znom=4
Fs=57.374091218562
Pe=30
SPL=85.5157198347211
Re=2.9
Le=0.00028
fLe=0
KLe=0
BL=3.63
Xmax=0.004
Cms=0.00135
Qms=2.04
Qes=0.452225753872561
Rms=1.00725719002761
Mms=0.0057
Sd=0.00528
Vas=0.0053388320832
Dia=0
Vd=2.112E-5
no=0.00216832779899822
Dd=0.0819921020355111
EBP=126.870463982311
numVC=1
Hc=0
Hg=0
SPLmax=97.2869323819177
SPLmaxLF=67.0583588572415
USPL=89.9274685662173
alfaVC=0
Rt=0
Ct=0
gamma=636.842105263158
Rme=4.54375862068965
Mpow=2.13160939683837
Mcost=0
Gloss=0.0188655429375
VCCon=1
c=343.68275625794
roo=1.20096171470853
Thick=0
Depth=0
MagDepth=0
Magnet=0
Basket=0
Outer=0
Vcd=0
DVol=0
ParState=CCECEENNEENEECCCEECCNCCENNCCCNNNCCCCNCNNNNNNNNNCC
