[Driver]
Brand=Dayton
Model=UM15-22
Manufacturer=
ProvidedBy=Matt
Comment=
DateAdded=20130131
DateModified=20130131
Qts=0.469388042392044
Znom=6
Fs=19.4357502575132
Pe=800
SPL=86.5703391378834
Re=3.4
Le=0.00131
fLe=0
KLe=0
BL=14.1
Xmax=0.019
Cms=0.00024
Qms=2.4
Qes=0.583509957711381
Rms=14.2166194476225
Mms=0.2794
Sd=0.08146
Vas=0.22591480946832
Dia=0
Vd=0.00154774
no=0.00276431078412663
Dd=0.322052935577564
EBP=33.3083437577369
numVC=1
Hc=0
Hg=0
SPLmax=112.601239007803
SPLmaxLF=104.358440714062
USPL=90.2912786779466
alfaVC=0
Rt=0
Ct=0
gamma=50.4652827487473
Rme=58.4735294117647
Mpow=7.64679863810763
Mcost=0
Gloss=0.0346102485473684
VCCon=1
c=343.68275625794
roo=1.20096171470853
Thick=0
Depth=0
MagDepth=0
Magnet=0
Basket=0
Outer=0
Vcd=0
DVol=0
ParState=CCECEENNEENEECCCEECCNCCENNCCCNNNCCCCNCNNNNNNNNNCC
