[Driver]
Brand=Dayton
Model=LS10-44
Manufacturer=
ProvidedBy=Matt
Comment=
DateAdded=20150322
DateModified=20150322
Qts=0.436383656550167
Znom=12
Fs=34.6710706391458
Pe=250
SPL=86.2871116850867
Re=7.4
Le=0.0052
fLe=0
KLe=0
BL=21.1
Xmax=0.01
Cms=0.00016
Qms=5.14
Qes=0.476869674498737
Rms=5.58174223849991
Mms=0.1317
Sd=0.03664
Vas=0.03047021795328
Dia=0
Vd=0.0003664
no=0.00258978745464091
Dd=0.215989575950082
EBP=72.7055472243866
numVC=1
Hc=0
Hg=0
SPLmax=107.266511771807
SPLmaxLF=91.8435898799223
USPL=86.6305231982627
alfaVC=0
Rt=0
Ct=0
gamma=160.212604403948
Rme=60.1635135135135
Mpow=7.75651426308967
Mcost=0
Gloss=0.02066457288
VCCon=1
c=343.68275625794
roo=1.20096171470853
Thick=0
Depth=0
MagDepth=0
Magnet=0
Basket=0
Outer=0
Vcd=0
DVol=0
ParState=CCECEENNEENEECCCEECCNCCENNCCCNNNCCCCNCNNNNNNNNNCC
