[Driver]
Brand=Dayton
Model=UM10-22
Manufacturer=
ProvidedBy=Matt
Comment=
DateAdded=20130920
DateModified=20130920
Qts=0.422673371756363
Znom=4
Fs=26.2031818981174
Pe=500
SPL=83.1193395534112
Re=3
Le=0.00127
fLe=0
KLe=0
BL=12.7
Xmax=0.019
Cms=0.00023
Qms=3.03
Qes=0.491192895645949
Rms=8.71556679194005
Mms=0.1604
Sd=0.03278
Vas=0.03505826202186
Dia=0
Vd=0.00062282
no=0.00124878280344301
Dd=0.204295844980799
EBP=53.3460115779131
numVC=1
Hc=0
Hg=0
SPLmax=107.109039596771
SPLmaxLF=96.4517315837522
USPL=87.3838557167004
alfaVC=0
Rt=0
Ct=0
gamma=79.1770573566085
Rme=53.7633333333333
Mpow=7.33234841870825
Mcost=0
Gloss=0.0190414174631579
VCCon=1
c=343.68275625794
roo=1.20096171470853
Thick=0
Depth=0
MagDepth=0
Magnet=0
Basket=0
Outer=0
Vcd=0
DVol=0
ParState=CCECEENNEENEECCCEECCNCCENNCCCNNNCCCCNCNNNNNNNNNCC
