[Driver]
Brand=Dayton
Model=RSS265HO-44
Manufacturer=
ProvidedBy=Matt
Comment=
DateAdded=20140412
DateModified=20140412
Qts=0.469364635210753
Znom=2
Fs=27.8100147356177
Pe=600
SPL=82.686267882093
Re=1.7
Le=0.00085
fLe=0
KLe=0
BL=10.8
Xmax=0.01325
Cms=0.00016
Qms=4.71
Qes=0.521315143055813
Rms=7.59412992207194
Mms=0.2047
Sd=0.03523
Vas=0.02817019914072
Dia=0
Vd=0.0004667975
no=0.00113026360265068
Dd=0.211792892139986
EBP=53.3458793707827
numVC=1
Hc=0
Hg=0
SPLmax=107.467780385929
SPLmaxLF=93.9470510090874
USPL=89.417507378796
alfaVC=0
Rt=0
Ct=0
gamma=52.7601367855398
Rme=68.6117647058824
Mpow=8.2832218795516
Mcost=0
Gloss=0.0242405585509434
VCCon=1
c=343.68275625794
roo=1.20096171470853
Thick=0
Depth=0
MagDepth=0
Magnet=0
Basket=0
Outer=0
Vcd=0
DVol=0
ParState=CCECEENNEENEECCCEECCNCCENNCCCNNNCCCCNCNNNNNNNNNCC
