[Driver]
Brand=00 Dayton
Model=UM18-22
Manufacturer=
ProvidedBy=Matt
Comment=
DateAdded=20131117
DateModified=20131117
Qts=0.490993616294975
Znom=6
Fs=19.51
Pe=1000
SPL=86.4371176924197
Re=4.46
Le=0.003092
fLe=0
KLe=0
BL=24.49
Xmax=0.022
Cms=0.000103867613611126
Qms=3.082
Qes=0.584036509882019
Rms=25.482971831995
Mms=0.640686496750527
Sd=0.1213
Vas=0.216793573214554
Dia=0
Vd=0.0026686
no=0.00268080190522466
Dd=0.392993583632577
EBP=33.4054458409479
numVC=1
Hc=0
Hg=0
SPLmax=113.43711769242
SPLmaxLF=109.090150213782
USPL=88.9794978157841
alfaVC=0
Rt=0
Ct=0
gamma=38.2246233129774
Rme=134.475358744395
Mpow=11.5963510961162
Mcost=0
Gloss=0.0296635906429881
VCCon=1
c=343.68275625794
roo=1.20096171470853
Thick=0
Depth=0
MagDepth=0
Magnet=0
Basket=0
Outer=0
Vcd=0
DVol=0
ParState=CEECEENNEENCECCCCECENCCENNCCCNNNCCCCNCNNNNNNNNNCC
