[Driver]
Brand=Dayton Audio
Model=8" Reference RSS210HF-4
Manufacturer=Dayton Audio
ProvidedBy=Matt Grant
Comment=
DateAdded=20081207
DateModified=20081207
Qts=0.53174134536886
Znom=4
Fs=28.2723398688875
Pe=280
SPL=82.6337839188983
Re=3.3
Le=0
fLe=0
KLe=0
BL=7.76
Xmax=0.009
Cms=0.00048
Qms=3.08
Qes=0.64269902145124
Rms=3.80773244727885
Mms=0.06602
Sd=0.0219
Vas=0.032656836744
Dia=0
Vd=0.0001971
no=0.00111669114060864
Dd=0.166984867666804
EBP=43.9900154275129
numVC=1
Hc=0
Hg=0
SPLmax=104.10536423232
SPLmaxLF=86.4581440854298
USPL=86.4843732306052
alfaVC=0
Rt=0
Ct=0
gamma=117.540139351712
Rme=18.2477575757576
Mpow=4.27173940869028
Mcost=0
Gloss=0.0345298684266667
VCCon=1
c=343.684120962152
roo=1.20095217714682
Thick=0
Depth=0
MagDepth=0
Magnet=0
Basket=0
Outer=0
Vcd=0
DVol=0
ParState=CCECENNNEENEECCCEECCNCCENNCCCNNNCCCCNCNNNNNNNNNCC
