[Driver]
Brand=Dayton Classic 15"
Model=DCS380-4
Manufacturer=Dayton Audio
ProvidedBy=Matt Grant
Comment=
DateAdded=20081116
DateModified=20081116
Qts=0.474441206620296
Znom=4
Fs=22.7888018714168
Pe=250
SPL=89.1303483780474
Re=3.1
Le=0.00232
fLe=0
KLe=0
BL=12.55
Xmax=0.0084
Cms=0.00025
Qms=3.46
Qes=0.549835621574861
Rms=8.0738844850918
Mms=0.1951
Sd=0.08194
Vas=0.238109419369499
Dia=0
Vd=0.000688296
no=0.00498413178038508
Dd=0.323000384358284
EBP=41.4465723521953
numVC=1
Hc=0
Hg=0
SPLmax=110.109748464768
SPLmaxLF=97.319916513421
USPL=93.2524601501904
alfaVC=0
Rt=0
Ct=0
gamma=64.3259866735008
Rme=50.8072580645161
Mpow=7.12792101980066
Mcost=0
Gloss=0.0569427802083333
VCCon=1
c=343.684120962152
roo=1.20095217714682
Thick=0
Depth=0
MagDepth=0
Magnet=0
Basket=0
Outer=0
Vcd=0
DVol=0
ParState=CCECEENNEEEEECCCEECCNCCENNCCCNNNCCCCNCNNNNNNNNNCC
