[Driver]
Brand=Dayton
Model=SD215-88A
Manufacturer=
ProvidedBy=Matt
Comment=
DateAdded=20110908
DateModified=20110908
Qts=0.392957746478873
Znom=4
Fs=31
Pe=80
SPL=86.0658436952979
Re=3.2
Le=0.00116
fLe=0
KLe=0
BL=7.68199001673721
Xmax=0.006
Cms=0.000618654855010209
Qms=3.1
Qes=0.45
Rms=2.67699967517768
Mms=0.0426057730959925
Sd=0.0208709677419355
Vas=0.038227706875607
Dia=0
Vd=0.000125225806451613
no=0.00246114569454152
Dd=0.163014543725166
EBP=68.8888888888889
numVC=1
Hc=0
Hg=0
SPLmax=102.096743565217
SPLmaxLF=82.5183573243674
USPL=90.0500726225846
alfaVC=0
Rt=0
Ct=0
gamma=180.303969591853
Rme=18.4415533178907
Mpow=4.29436296997479
Mcost=0
Gloss=0.0430810520970401
VCCon=1
c=343.68275625794
roo=1.20096171470853
Thick=0
Depth=0
MagDepth=0
Magnet=0
Basket=0
Outer=0
Vcd=0
DVol=0
ParState=CEECEENNCENCEECCCECENCCENNCCCNNNCCCCNCNNNNNNNNNCC
