[Driver]
Brand=Dayton
Model=LS12-44
Manufacturer=
ProvidedBy=Matt
Comment=
DateAdded=20150322
DateModified=20150322
Qts=0.510899382760686
Znom=12
Fs=34.2193530489027
Pe=250
SPL=87.9264105425715
Re=7.5
Le=0.0053
fLe=0
KLe=0
BL=21.7
Xmax=0.01
Cms=0.00013
Qms=4.94
Qes=0.56983192953763
Rms=7.2423254331977
Mms=0.1664
Sd=0.05473
Vas=0.0552381209548347
Dia=0
Vd=0.0005473
no=0.00377740898055215
Dd=0.263978029925514
EBP=60.0516595773579
numVC=1
Hc=0
Hg=0
SPLmax=108.905810629292
SPLmaxLF=95.3289895428561
USPL=88.2115266191403
alfaVC=0
Rt=0
Ct=0
gamma=130.408653846154
Rme=62.7853333333333
Mpow=7.9237196652414
Mcost=0
Gloss=0.02121374528
VCCon=1
c=343.68275625794
roo=1.20096171470853
Thick=0
Depth=0
MagDepth=0
Magnet=0
Basket=0
Outer=0
Vcd=0
DVol=0
ParState=CCECEENNEENEECCCEECCNCCENNCCCNNNCCCCNCNNNNNNNNNCC
