[Driver]
Brand=Dayton
Model=RS225-8
Manufacturer=
ProvidedBy=Matt
Comment=
DateAdded=20130727
DateModified=20130727
Qts=0.359082799315833
Znom=10
Fs=27.5133950622823
Pe=80
SPL=86.3906911116304
Re=6.34
Le=0.00083
fLe=0
KLe=0
BL=8.8
Xmax=0.007
Cms=0.00099
Qms=1.44
Qes=0.478370804616223
Rms=4.05768435741766
Mms=0.0338
Sd=0.02112
Vas=0.06264229644288
Dia=0
Vd=0.00014784
no=0.00265229645852181
Dd=0.163984204071022
EBP=57.5147872670766
numVC=1
Hc=0
Hg=0
SPLmax=102.42159098155
SPLmaxLF=83.9603196575267
USPL=87.4055272432989
alfaVC=0
Rt=0
Ct=0
gamma=260.355029585799
Rme=12.2145110410095
Mpow=3.49492647147397
Mcost=0
Gloss=0.0468785889
VCCon=1
c=343.68275625794
roo=1.20096171470853
Thick=0
Depth=0
MagDepth=0
Magnet=0
Basket=0
Outer=0
Vcd=0
DVol=0
ParState=CCECEENNEENEECCCEECCNCCENNCCCNNNCCCCNCNNNNNNNNNCC
