[Driver]
Brand=Dayton
Model=SD315-88
Manufacturer=Dayton Audio
ProvidedBy=Matt
Comment=
DateAdded=20090717
DateModified=20090717
Qts=0.342525097158294
Znom=4
Fs=26.9236429999031
Pe=120
SPL=90.0715776413081
Re=3
Le=0
fLe=0
KLe=0
BL=12.07
Xmax=0.007
Cms=0.00032
Qms=3.44
Qes=0.380402221546183
Rms=5.37004453543929
Mms=0.1092
Sd=0.05228
Vas=0.12406971489024
Dia=0
Vd=0.00036596
no=0.00619028605502817
Dd=0.258001867045094
EBP=70.7767764616864
numVC=2
Hc=0
Hg=0
SPLmax=107.863390101784
SPLmaxLF=91.8331529584613
USPL=94.3360938045973
alfaVC=0
Rt=0
Ct=0
gamma=110.531135531136
Rme=48.5616333333333
Mpow=6.96861774911878
Mcost=0
Gloss=0.0489547968
VCCon=1
c=343.68275625794
roo=1.20096171470853
Thick=0
Depth=0
MagDepth=0
Magnet=0
Basket=0
Outer=0
Vcd=0
DVol=0
ParState=CCECENNNEENEECCCEECCNCCENNCCCNNNCCCCNCNNNNNNNNNCC
