[Driver]
Brand=Dayton
Model=SD270A-88
Manufacturer=
ProvidedBy=Matt
Comment=
DateAdded=20110814
DateModified=20110814
Qts=0.427844117940094
Znom=4
Fs=26.1904064355588
Pe=80
SPL=88.0194486071791
Re=3.16
Le=0.00112
fLe=0
KLe=0
BL=7.8
Xmax=0.006
Cms=0.00064
Qms=3.23
Qes=0.4931690309572
Rms=2.93964845430851
Mms=0.0577
Sd=0.03464
Vas=0.10893824858112
Dia=0
Vd=0.00020784
no=0.0038592046992483
Dd=0.210011946873567
EBP=53.1063485165024
numVC=1
Hc=0
Hg=0
SPLmax=104.050348477099
SPLmaxLF=86.9190632545851
USPL=92.0583064914809
alfaVC=0
Rt=0
Ct=0
gamma=135.181975736568
Rme=19.253164556962
Mpow=4.38784281361149
Mcost=0
Gloss=0.0603566618666667
VCCon=1
c=343.68275625794
roo=1.20096171470853
Thick=0
Depth=0
MagDepth=0
Magnet=0
Basket=0
Outer=0
Vcd=0
DVol=0
ParState=CCECEENNEENEECCCEECCNCCENNCCCNNNCCCCNCNNNNNNNNNCC
