[Driver]
Brand=Dayton
Model=DVC385-88
Manufacturer=
ProvidedBy=Matt
Comment=
DateAdded=20120326
DateModified=20120326
Qts=0.368452471145228
Znom=4
Fs=18.8479093731798
Pe=350
SPL=88.1365271470047
Re=2.8
Le=0.00182
fLe=0
KLe=0
BL=16
Xmax=0.0151
Cms=0.00024
Qms=8.66
Qes=0.384825436869731
Rms=4.06282216424658
Mms=0.2971
Sd=0.08296
Vas=0.23431137714432
Dia=0
Vd=0.001252696
no=0.00396465744176649
Dd=0.325004542477838
EBP=48.9778158286354
numVC=1
Hc=0
Hg=0
SPLmax=110.577207590507
SPLmaxLF=102.521394393489
USPL=92.7006755440683
alfaVC=0
Rt=0
Ct=0
gamma=53.8539212386402
Rme=91.4285714285714
Mpow=9.56182887467515
Mcost=0
Gloss=0.0463081703046358
VCCon=1
c=343.68275625794
roo=1.20096171470853
Thick=0
Depth=0
MagDepth=0
Magnet=0
Basket=0
Outer=0
Vcd=0
DVol=0
ParState=CCECEENNEENEECCCEECCNCCENNCCCNNNCCCCNCNNNNNNNNNCC
