[Driver]
Brand=00 goldwood
Model=GW-8PC-30-8
Manufacturer=
ProvidedBy=Matt
Comment=
DateAdded=20120105
DateModified=20120105
Qts=0.55919257851792
Znom=10
Fs=55.0190623354807
Pe=120
SPL=88.0101625784799
Re=7.239
Le=0.000983
fLe=0
KLe=0
BL=11.779
Xmax=0.0045
Cms=0.000244274
Qms=5.889
Qes=0.617861929048144
Rms=2.01088923239291
Mms=0.034256
Sd=0.02059
Vas=0.0146904326142388
Dia=0
Vd=9.2655E-5
no=0.00385096181300238
Dd=0.161913564058411
EBP=89.0475035745301
numVC=1
Hc=0
Hg=0
SPLmax=105.801975038956
SPLmaxLF=79.9018577878735
USPL=88.4491055226812
alfaVC=0
Rt=0
Ct=0
gamma=343.852171882298
Rme=19.1662993507391
Mpow=4.37793322821843
Mcost=0
Gloss=0.0182356839143684
VCCon=1
c=343.68275625794
roo=1.20096171470853
Thick=0
Depth=0
MagDepth=0
Magnet=0
Basket=0
Outer=0
Vcd=0
DVol=0
ParState=CCECEENNEENEECCCEECCNCCENNCCCNNNCCCCNCNNNNNNNNNCC
