[Driver]
Brand=00 
Model=mcm 18in pro
Manufacturer=
ProvidedBy=Matt
Comment=
DateAdded=20110726
DateModified=20110726
Qts=0.400376411558832
Znom=10
Fs=27.1
Pe=700
SPL=95.073489890326
Re=6.3
Le=0
fLe=0
KLe=0
BL=18.839794840442
Xmax=0.007
Cms=0.00022259473824036
Qms=2.7604
Qes=0.4683
Rms=9.55793181271769
Mms=0.154948289871969
Sd=0.1225
Vas=0.47384
Dia=0
Vd=0.0008575
no=0.0195840244770402
Dd=0.394932708483429
EBP=57.8688874653
numVC=1
Hc=0
Hg=0
SPLmax=120.524470290469
SPLmaxLF=99.2291631543022
USPL=96.115813106276
alfaVC=0
Rt=0
Ct=0
gamma=121.587626788324
Rme=56.3393443857056
Mpow=7.50595392909559
Mcost=0
Gloss=0.0483197097751028
VCCon=1
c=343.68275625794
roo=1.20096171470853
Thick=0
Depth=0
MagDepth=0
Magnet=0
Basket=0
Outer=0
Vcd=0
DVol=0
ParState=CEECENNNCENCEECCCECENCCENNCCCNNNCCCCNCNNNNNNNNNCC
