[Driver]
Brand=Morel
Model=UW 1258
Manufacturer=
ProvidedBy=Resonate
Comment=
DateAdded=
DateModified=
Qts=0.433517
Znom=10
Fs=23.3608
Pe=800
Re=6.8
Le=0.00133
BL=13.6251
Xmax=0.0125
Cms=0.000442902
Qms=1.88
Qes=0.563445
Rms=8.18214
Mms=0.104799
Sd=0.0437
Vas=0.119196
Vd=0.00054625
Dd=0.235883
numVC=1
VCCon=2
ParState=EEECEENNEENEEEEEEEEEEECENNCCCNNNCCCCECNNNNNNNNECC
