[Driver]
Brand=00
Model=peerless india w8-12t 12p
Manufacturer=
ProvidedBy=Matt
Comment=
DateAdded=20120123
DateModified=20120123
Qts=0.405597667638484
Znom=16
Fs=31
Pe=40
SPL=87.077852591833
Re=10.9
Le=0.00193
fLe=0
KLe=0
BL=11.9509355023405
Xmax=0.002
Cms=0.000833649075082689
Qms=2.96
Qes=0.47
Rms=2.0805753753136
Mms=0.0316179423274531
Sd=0.0206451612903226
Vas=0.0504039394359856
Dia=0
Vd=4.12903225806452E-5
no=0.00310697825268362
Dd=0.162130304885528
EBP=65.9574468085106
numVC=1
Hc=0
Hg=0
SPLmax=100.098452505113
SPLmaxLF=72.8814460962779
USPL=85.7393163229126
alfaVC=0
Rt=0
Ct=0
gamma=377.979546504636
Rme=13.103198108358
Mpow=3.61983398906055
Mcost=0
Gloss=0.12924315629112
VCCon=1
c=343.68275625794
roo=1.20096171470853
Thick=0
Depth=0
MagDepth=0
Magnet=0
Basket=0
Outer=0
Vcd=0
DVol=0
ParState=CEECEENNCENCEECCCECENCCENNCCCNNNCCCCNCNNNNNNNNNCC
