[Driver]
Brand=Tang Band
Model=W6-1139SIF
Manufacturer=
ProvidedBy=loudspeakerdatabase.com
Comment=loudspeakerdatabase.com/TangBand/W6-1139SIF
DateAdded=
DateModified=
Qts=0.4
Znom=4
Fs=35.0
Pe=100
Re=3.6
Le=0.00047
BL=8.47
Xmax=0.0115
Cms=0.00059898
Qms=2.65
Qes=0.47
Rms=3.31
Mms=0.039909999999999994
Sd=0.014
Vas=0.011779999999999999
Vd=0.000161
Dd=0.134
numVC=1
VCCon=2
ParState=EEECEENNEENEEEEEEEEEEECENNCCCNNNCCCCECNNNNNNNNECC
