[Driver]
Brand=John
Model=all-manu-populated
Manufacturer=Sample
ProvidedBy=johnl
Comment=all fields that were black we manually populated with 1,2,3... so that all fields were either manual or calculated
DateAdded=20260626
DateModified=20260626
Qts=3
Znom=8
Fs=4
Pe=12
SPL=61.605211136107
Re=6
Le=7
fLe=8
KLe=49.6287078253544
BL=0.868321505469921
Xmax=0.009
Cms=0.316628698882306
Qms=2
Qes=1
Rms=0.0628318530717959
Mms=0.005
Sd=0.00177545544983551
Vas=0.141584099539285
Dia=0
Vd=0.0000159790990485196
no=8.81202645607949E-6
Dd=0.0475455580327556
EBP=4
numVC=1
Hc=10
Hg=9.982
SPLmax=69.3970235965833
SPLmaxLF=64.635457375637
USPL=62.8594273427564
alfaVC=0
Rt=0
Ct=0
gamma=173.664301093984
Rme=0.125663706143592
Mpow=0.354490770181103
Mcost=0.125777007421421
Gloss=1.72503712771898
VCCon=1
c=343.684120962152
roo=1.20095217714682
Thick=0
Depth=0
MagDepth=0
Magnet=0
Basket=0
Outer=0
Vcd=0
DVol=0
ParState=CEECEEECCEECEEECECCENCCEECCCCNNNCCCCCCNNNNNNNNNCC
