[Driver]
Brand=ACI
Model=SV10
Manufacturer=
ProvidedBy=Janne Ahonen
Comment=
DateAdded=20020224
DateModified=20020224
Qts=0.36
Znom=4
Fs=18.62
Pe=250
SPL=83.69
Re=2.72
Le=0
fLe=0
KLe=0
BL=9.4801
Xmax=0.016
Cms=0.0006561
Qms=4.205
Qes=0.394
Rms=3.09816
Mms=0.1113
Sd=0.031
Vas=0.08946
Dia=0
Vd=0.000496
no=0.001426
Dd=0.1987
EBP=47.25
numVC=1
Hc=0
Hg=0
SPLmax=104.67
SPLmaxLF=94.47
USPL=88.38
alfaVC=0
Rt=0
Ct=0
gamma=85.1761
Rme=33.04129
Mpow=5.74815
Mcost=0
c=343.68
roo=1.20095
