[Driver]
Brand=ACI
Model=SV12
Manufacturer=
ProvidedBy=Janne Ahonen
Comment=
DateAdded=20020224
DateModified=20020224
Qts=0.389
Znom=4
Fs=17.5
Pe=500
SPL=87.21
Re=2.97
Le=0.00145
fLe=0
KLe=0
BL=8.9
Xmax=0.0129
Cms=0.0008355
Qms=8.35
Qes=0.408
Rms=1.30361
Mms=0.099
Sd=0.046
Vas=0.25067
Dia=0
Vd=0.000592
no=0.003202
Dd=0.242
EBP=42.88
numVC=1
Hc=0.0318
Hg=0.006
SPLmax=111.2
SPLmaxLF=96.01
USPL=91.52
alfaVC=0
Rt=0
Ct=0
gamma=89.89899
Rme=26.67003
Mpow=5.1643
Mcost=84.49245
c=343.68
roo=1.20095
