[Driver]
Brand=ACI
Model=SV18
Manufacturer=
ProvidedBy=Janne Ahonen
Comment=
DateAdded=20020224
DateModified=20020224
Qts=0.228
Znom=8
Fs=15.51
Pe=1000
SPL=91.34
Re=4.75
Le=0
fLe=0
KLe=0
BL=26.1
Xmax=0.02
Cms=0.000283
Qms=2.264
Qes=0.253
Rms=16.01568
Mms=0.372
Sd=0.12
Vas=0.57869
Dia=0
Vd=0.0024
no=0.0083
Dd=0.3909
EBP=61.36
numVC=1
Hc=0
Hg=0
SPLmax=118.34
SPLmaxLF=108.17
USPL=93.61
alfaVC=0
Rt=0
Ct=0
gamma=70.16129
Rme=143.41263
Mpow=11.9755
Mcost=0
c=343.68
roo=1.20095
