[Driver]
Brand=Adire Audio
Model=Brahma 10
Manufacturer=
ProvidedBy=Janne Ahonen
Comment=
DateAdded=20020329
DateModified=20020329
Qts=0.408
Znom=1
Fs=35
Pe=1600
SPL=84.66
Re=0.65
Le=0.0022
fLe=0
KLe=0
BL=7.26953
Xmax=0.0273
Cms=0.0001243
Qms=4.4
Qes=0.45
Rms=8.31495
Mms=0.1664
Sd=0.033
Vas=0.0192
Dia=0
Vd=0.000902
no=0.001779
Dd=0.205
EBP=77.78
numVC=2
Hc=0
Hg=0
SPLmax=113.7
SPLmaxLF=99.66
USPL=95.57
alfaVC=0
Rt=0
Ct=0
gamma=43.6871
Rme=81.30171
Mpow=9.01675
Mcost=0
c=343.68
roo=1.20095
