[Driver]
Brand=Adire Audio
Model=Shiva 2
Manufacturer=
ProvidedBy=Janne Ahonen
Comment=
DateAdded=20020124
DateModified=20020124
Qts=0.382
Znom=4
Fs=20.76
Pe=650
SPL=87.36
Re=2.9
Le=0
fLe=0
KLe=0
BL=10.8
Xmax=0.0158
Cms=0.00047
Qms=6.5
Qes=0.405
Rms=2.50947
Mms=0.125
Sd=0.0481
Vas=0.15417
Dia=0
Vd=0.00076
no=0.003312
Dd=0.2475
EBP=51.21
numVC=2
Hc=0
Hg=0
SPLmax=112.49
SPLmaxLF=98.18
USPL=91.77
alfaVC=0
Rt=0
Ct=0
gamma=86.4
Rme=40.22069
Mpow=6.34198
Mcost=0
c=343.68
roo=1.20095
