[Driver]
Brand=Adire Audio
Model=AV3
Manufacturer=
ProvidedBy=Janne Ahonen
Comment=
DateAdded=20020224
DateModified=20020224
Qts=0.638
Znom=6
Fs=113.2
Pe=15
SPL=85.89
Re=3.4
Le=0
fLe=0
KLe=0
BL=2.64
Xmax=0.002
Cms=0.0008594
Qms=3.19
Qes=0.798
Rms=0.51285
Mms=0.0023
Sd=0.00331
Vas=0.00134
Dia=0
Vd=7E-6
no=0.002361
Dd=0.0649
EBP=141.85
numVC=1
Hc=0.007
Hg=0.003
SPLmax=94.65
SPLmaxLF=56.98
USPL=89.61
alfaVC=0
Rt=0
Ct=0
gamma=1147.82609
Rme=2.04988
Mpow=1.43174
Mcost=3.41647
c=343.68
roo=1.20095
