[Driver]
Brand=Adire Audio
Model=Tempest
Manufacturer=
ProvidedBy=Janne Ahonen
Comment=
DateAdded=20020124
DateModified=20020124
Qts=0.391
Znom=6
Fs=19.55
Pe=750
SPL=89.24
Re=3.5
Le=0.0029
fLe=0
KLe=0
BL=14.2
Xmax=0.0164
Cms=0.00034
Qms=6.7
Qes=0.416
Rms=3.57371
Mms=0.195
Sd=0.0779
Vas=0.29268
Dia=0
Vd=0.001278
no=0.005115
Dd=0.3149
EBP=47.02
numVC=2
Hc=0
Hg=0
SPLmax=114.99
SPLmaxLF=102.69
USPL=92.84
alfaVC=0
Rt=0
Ct=0
gamma=72.82051
Rme=57.61143
Mpow=7.59022
Mcost=0
c=343.68
roo=1.20095
