[Driver]
Brand=Adire Audio
Model=Maelstrom
Manufacturer=
ProvidedBy=Janne Ahonen
Comment=
DateAdded=20020124
DateModified=20020124
Qts=0.273
Znom=6
Fs=20.76
Pe=1000
SPL=93.88
Re=3.4
Le=0.0035
fLe=0
KLe=0
BL=19.8
Xmax=0.013
Cms=0.00024
Qms=19.11
Qes=0.277
Rms=1.67156
Mms=0.245
Sd=0.118
Vas=0.47403
Dia=0
Vd=0.001534
no=0.014882
Dd=0.3876
EBP=74.9
numVC=2
Hc=0
Hg=0
SPLmax=120.88
SPLmaxLF=104.28
USPL=97.6
alfaVC=0
Rt=0
Ct=0
gamma=80.81633
Rme=115.30588
Mpow=10.73806
Mcost=0
c=343.68
roo=1.20095
