[Driver]
Brand=Adire Audio
Model=Brahma 12
Manufacturer=
ProvidedBy=Janne Ahonen
Comment=
DateAdded=20020329
DateModified=20020329
Qts=0.455
Znom=1
Fs=28
Pe=1600
SPL=84.16
Re=0.65
Le=0
fLe=0
KLe=0
BL=7.31871
Xmax=0.0273
Cms=0.000138
Qms=5.05
Qes=0.5
Rms=8.15895
Mms=0.2342
Sd=0.0436
Vas=0.0372
Dia=0
Vd=0.001191
no=0.001588
Dd=0.2356
EBP=56
numVC=2
Hc=0
Hg=0
SPLmax=113.2
SPLmaxLF=102.08
USPL=95.07
alfaVC=0
Rt=0
Ct=0
gamma=31.24977
Rme=82.40538
Mpow=9.07774
Mcost=0
c=343.68
roo=1.20095
