[Driver]
Brand=Adire Audio
Model=Brahma 15
Manufacturer=
ProvidedBy=Janne Ahonen
Comment=
DateAdded=20020329
DateModified=20020329
Qts=0.474
Znom=0
Fs=26
Pe=1600
SPL=87.28
Re=0.65
Le=0
fLe=0
KLe=0
BL=7.83863
Xmax=0.0273
Cms=0.0001245
Qms=5.3
Qes=0.52
Rms=9.27458
Mms=0.3009
Sd=0.0749
Vas=0.0991
Dia=0
Vd=0.002046
no=0.003258
Dd=0.3088
EBP=50
numVC=2
Hc=0
Hg=0
SPLmax=116.32
SPLmaxLF=106.78
USPL=98.19
alfaVC=0
Rt=0
Ct=0
gamma=26.05061
Rme=94.52939
Mpow=9.72262
Mcost=0
c=343.68
roo=1.20095
