[Driver]
Brand=Adire Audio
Model=Tempest 15D4
Manufacturer=
ProvidedBy=jahonen
Comment=
DateAdded=20050821
DateModified=20050821
Qts=0.408706786171575
Znom=2
Fs=21
Pe=600
SPL=89.0267992202028
Re=1.4
Le=0
fLe=0
KLe=0
BL=9.55
Xmax=0.0185
Cms=0.000276995579942062
Qms=15.2
Qes=0.42
Rms=1.80004934210526
Mms=0.207361838533408
Sd=0.076
Vas=0.226957569365727
Dia=0
Vd=0.001406
no=0.00486670028110317
Dd=0.31107266900175
EBP=50
numVC=2
Hc=0
Hg=0
SPLmax=113.808311724039
SPLmaxLF=103.524118013517
USPL=96.6012475739062
alfaVC=0
Rt=0
Ct=0
gamma=46.0547614138818
Rme=65.1446428571429
Mpow=8.07122313265733
Mcost=0
Gloss=0.0304474286194194
VCCon=1
c=343.684120962152
roo=1.20095217714682
Thick=0
Depth=0
MagDepth=0
Magnet=0
Basket=0
Outer=0
Vcd=0
DVol=0
ParState=CEECENNNEENCEECCCECCNCCENNCCCNNNCCCCNCNNNNNNNNNCC
