[Driver]
Brand=Adire Audio
Model=Tumult 18D2
Manufacturer=
ProvidedBy=jahonen
Comment=
DateAdded=20050530
DateModified=20050530
Qts=0.370671834625323
Znom=2
Fs=15
Pe=1000
SPL=89.0463326828057
Re=0.7
Le=0
fLe=0
KLe=0
BL=7.55891604783935
Xmax=0.033
Cms=0.000342077312953938
Qms=15.1
Qes=0.38
Rms=2.05412871248322
Mms=0.329104236594287
Sd=0.108
Vas=0.566
Dia=0
Vd=0.003564
no=0.00488863876260466
Dd=0.370823233942262
EBP=39.4736842105263
numVC=2
Hc=0
Hg=0
SPLmax=116.046332682806
SPLmaxLF=111.603165507138
USPL=99.6310809931489
alfaVC=0
Rt=0
Ct=0
gamma=22.9681517505283
Rme=81.6245883118333
Mpow=9.03463271593446
Mcost=0
Gloss=0.0334552655072772
VCCon=1
c=343.684120962152
roo=1.20095217714682
Thick=0
Depth=0
MagDepth=0
Magnet=0
Basket=0
Outer=0
Vcd=0
DVol=0
ParState=CEECENNNCENCEECCCECENCCENNCCCNNNCCCCNCNNNNNNNNNCC
