[Driver]
Brand=Ascendant Audio
Model=Atlas 15 low Qts
Manufacturer=
ProvidedBy=jahonen
Comment=
DateAdded=20050821
DateModified=20050821
Qts=0.369896432681243
Znom=4
Fs=21.6718940437723
Pe=300
SPL=91.7537760711828
Re=2.8
Le=0.00086
fLe=0
KLe=0
BL=11.627376914177
Xmax=0.018
Cms=0.000388
Qms=6.56
Qes=0.392
Rms=2.88527822356815
Mms=0.139
Sd=0.081
Vas=0.36111573414
Dia=0
Vd=0.001458
no=0.00911868651922217
Dd=0.321142340907499
EBP=55.2854439892151
numVC=1
Hc=0
Hg=0
SPLmax=113.524988618379
SPLmaxLF=103.83956207948
USPL=96.3179244682464
alfaVC=0
Rt=0
Ct=0
gamma=83.6501936271726
Rme=48.2842478229771
Mpow=6.9486867696693
Mcost=0
Gloss=0.0293829026555556
VCCon=1
c=343.684120962152
roo=1.20095217714682
Thick=0
Depth=0.18415
MagDepth=0
Magnet=0
Basket=0.358775
Outer=0
Vcd=0
DVol=0
ParState=CCECEENNCENEEECCEECCNCCENNCCCNNNCCCCNCNENNENNNNCC
