[Driver]
Brand=Audiomobile
Model=MASS 2012 S24
Manufacturer=
ProvidedBy=Janne Ahonen
Comment=
DateAdded=20020401
DateModified=20020401
Qts=0.418
Znom=2
Fs=22
Pe=650
SPL=85.41
Re=1.9
Le=0
fLe=0
KLe=0
BL=10.85081
Xmax=0.0244
Cms=0.0002594
Qms=5.8
Qes=0.45
Rms=4.8079
Mms=0.2017
Sd=0.05
Vas=0.092
Dia=0
Vd=0.00122
no=0.002117
Dd=0.2523
EBP=48.89
numVC=2
Hc=0
Hg=0
SPLmax=110.54
SPLmaxLF=102.29
USPL=91.66
alfaVC=0
Rt=0
Ct=0
gamma=53.78752
Rme=61.96844
Mpow=7.872
Mcost=0
c=343.68
roo=1.20095
