[Driver]
Brand=Audiomobile
Model=MASS 2012 S4
Manufacturer=
ProvidedBy=Janne Ahonen
Comment=
DateAdded=20020401
DateModified=20020401
Qts=0.481
Znom=4
Fs=23
Pe=650
SPL=85.32
Re=3
Le=0
fLe=0
KLe=0
BL=12.47301
Xmax=0.0238
Cms=0.0002566
Qms=6.4
Qes=0.52
Rms=4.21351
Mms=0.1866
Sd=0.05
Vas=0.091
Dia=0
Vd=0.00119
no=0.002071
Dd=0.2523
EBP=44.23
numVC=1
Hc=0
Hg=0
SPLmax=110.45
SPLmaxLF=102.08
USPL=89.58
alfaVC=0
Rt=0
Ct=0
gamma=66.84278
Rme=51.85863
Mpow=7.20129
Mcost=0
c=343.68
roo=1.20095
