[Driver]
Brand=Audiomobile
Model=MASS 2010 S24
Manufacturer=
ProvidedBy=Janne Ahonen
Comment=
DateAdded=20020401
DateModified=20020401
Qts=0.395
Znom=2
Fs=25
Pe=650
SPL=83.65
Re=1.9
Le=0
fLe=0
KLe=0
BL=11.00413
Xmax=0.0218
Cms=0.0002378
Qms=6.5
Qes=0.42
Rms=4.11807
Mms=0.1704
Sd=0.034
Vas=0.039
Dia=0
Vd=0.000741
no=0.001411
Dd=0.2081
EBP=59.52
numVC=2
Hc=0
Hg=0
SPLmax=108.78
SPLmaxLF=97.96
USPL=89.9
alfaVC=0
Rt=0
Ct=0
gamma=64.57563
Rme=63.73199
Mpow=7.98323
Mcost=0
c=343.68
roo=1.20095
