[Driver]
Brand=Audiomobile
Model=MASS 2010 S4
Manufacturer=
ProvidedBy=Janne Ahonen
Comment=
DateAdded=20020401
DateModified=20020401
Qts=0.415
Znom=4
Fs=24
Pe=650
SPL=83.24
Re=3.2
Le=0
fLe=0
KLe=0
BL=13.72221
Xmax=0.0225
Cms=0.0002561
Qms=7.2
Qes=0.44
Rms=3.59599
Mms=0.1717
Sd=0.034
Vas=0.042
Dia=0
Vd=0.000765
no=0.001283
Dd=0.2081
EBP=54.55
numVC=1
Hc=0
Hg=0
SPLmax=108.37
SPLmaxLF=98.24
USPL=87.22
alfaVC=0
Rt=0
Ct=0
gamma=79.92163
Rme=58.84346
Mpow=7.67095
Mcost=0
c=343.68
roo=1.20095
