[Driver]
Brand=Blueprint Drivers
Model=1002
Manufacturer=
ProvidedBy=Janne Ahonen
Comment=
DateAdded=20020217
DateModified=20020217
Qts=0.287
Znom=2
Fs=26.61
Pe=600
SPL=85.72
Re=0.75
Le=0
fLe=0
KLe=0
BL=7.54047
Xmax=0.016
Cms=0.000263
Qms=6.46
Qes=0.3
Rms=3.52036
Mms=0.136
Sd=0.0316
Vas=0.03725
Dia=0
Vd=0.000506
no=0.002275
Dd=0.2006
EBP=88.7
numVC=2
Hc=0
Hg=0
SPLmax=110.5
SPLmaxLF=94.64
USPL=96.01
alfaVC=0
Rt=0
Ct=0
gamma=55.44462
Rme=75.81154
Mpow=8.70698
Mcost=0
c=343.68
roo=1.20095
