[Driver]
Brand=Blueprint Drivers
Model=1803
Manufacturer=
ProvidedBy=Janne Ahonen
Comment=
DateAdded=20020217
DateModified=20020217
Qts=0.361
Znom=6
Fs=25.49
Pe=1000
SPL=92.79
Re=3.6
Le=0
fLe=0
KLe=0
BL=21.33119
Xmax=0.0259
Cms=0.00013
Qms=7.22
Qes=0.38
Rms=6.65227
Mms=0.3
Sd=0.1217
Vas=0.27312
Dia=0
Vd=0.003146
no=0.011576
Dd=0.3936
EBP=67.08
numVC=1
Hc=0
Hg=0
SPLmax=119.79
SPLmaxLF=110.52
USPL=96.26
alfaVC=0
Rt=0
Ct=0
gamma=71.10398
Rme=126.39439
Mpow=11.24253
Mcost=0
c=343.68
roo=1.20095
