[Driver]
Brand=Blueprint Drivers
Model=1201
Manufacturer=
ProvidedBy=Janne Ahonen
Comment=
DateAdded=20020217
DateModified=20020217
Qts=0.397
Znom=4
Fs=18.51
Pe=450
SPL=85.43
Re=3.2
Le=0
fLe=0
KLe=0
BL=11.35
Xmax=0.012
Cms=0.0004735
Qms=3.34
Qes=0.451
Rms=5.43685
Mms=0.1561
Sd=0.04813
Vas=0.15564
Dia=0
Vd=0.000578
no=0.002128
Dd=0.2476
EBP=41.04
numVC=1
Hc=0
Hg=0
SPLmax=108.96
SPLmaxLF=95.8
USPL=89.42
alfaVC=0
Rt=0
Ct=0
gamma=72.7098
Rme=40.25703
Mpow=6.34484
Mcost=0
c=343.68
roo=1.20095
