[Driver]
Brand=Blueprint Drivers
Model=1202
Manufacturer=
ProvidedBy=Janne Ahonen
Comment=
DateAdded=20020217
DateModified=20020217
Qts=0.323
Znom=2
Fs=24.43
Pe=600
SPL=88.27
Re=0.75
Le=0
fLe=0
KLe=0
BL=7.26784
Xmax=0.016
Cms=0.000272
Qms=6.61
Qes=0.34
Rms=3.62348
Mms=0.156
Sd=0.05039
Vas=0.098
Dia=0
Vd=0.000806
no=0.004087
Dd=0.2533
EBP=71.85
numVC=2
Hc=0
Hg=0
SPLmax=113.05
SPLmaxLF=98.69
USPL=98.55
alfaVC=0
Rt=0
Ct=0
gamma=46.58869
Rme=70.42859
Mpow=8.39217
Mcost=0
c=343.68
roo=1.20095
