[Driver]
Brand=Blueprint Drivers
Model=1203
Manufacturer=
ProvidedBy=Janne Ahonen
Comment=
DateAdded=20020217
DateModified=20020217
Qts=0.288
Znom=6
Fs=29.42
Pe=0
SPL=87.81
Re=3.6
Le=0
fLe=0
KLe=0
BL=22.09326
Xmax=0.0259
Cms=0.000133
Qms=7.2
Qes=0.3
Rms=5.64928
Mms=0.22
Sd=0.0486
Vas=0.04456
Dia=0
Vd=0.001256
no=0.003678
Dd=0.2488
EBP=98.07
numVC=1
Hc=0
Hg=0
SPLmax=0
SPLmaxLF=102.55
USPL=91.28
alfaVC=0
Rt=0
Ct=0
gamma=100.4239
Rme=135.58668
Mpow=11.64417
Mcost=0
c=343.68
roo=1.20095
