[Driver]
Brand=Blueprint Drivers
Model=1001
Manufacturer=
ProvidedBy=Janne Ahonen
Comment=
DateAdded=20020217
DateModified=20020217
Qts=0.265
Znom=4
Fs=18.78
Pe=350
SPL=84.75
Re=3.2
Le=0
fLe=0
KLe=0
BL=12.64
Xmax=0.012
Cms=0.0005955
Qms=3.71
Qes=0.285
Rms=3.83591
Mms=0.1206
Sd=0.03085
Vas=0.08039
Dia=0
Vd=0.00037
no=0.001817
Dd=0.1982
EBP=65.89
numVC=1
Hc=0
Hg=0
SPLmax=107.19
SPLmaxLF=91.93
USPL=88.73
alfaVC=0
Rt=0
Ct=0
gamma=104.80929
Rme=49.928
Mpow=7.06597
Mcost=0
c=343.68
roo=1.20095
