[Driver]
Brand=CDT Audio
Model=CDT-6
Manufacturer=
ProvidedBy=Janne Ahonen
Comment=
DateAdded=20020225
DateModified=20020225
Qts=0.461
Znom=4
Fs=78.48
Pe=0
SPL=92.22
Re=3.14
Le=0.0005
fLe=0
KLe=0
BL=5.03
Xmax=0
Cms=0.0004519
Qms=2.68
Qes=0.557
Rms=1.67435
Mms=0.0091
Sd=0.0137
Vas=0.01203
Dia=0
Vd=0
no=0.010157
Dd=0.1321
EBP=140.92
numVC=1
Hc=0
Hg=0
SPLmax=0
SPLmaxLF=0
USPL=96.29
alfaVC=0
Rt=0
Ct=0
gamma=552.74725
Rme=8.05761
Mpow=2.83859
Mcost=0
c=343.68
roo=1.20095
