[Driver]
Brand=CDT Audio
Model=MS-80
Manufacturer=
ProvidedBy=Janne Ahonen
Comment=
DateAdded=20020225
DateModified=20020225
Qts=0.268
Znom=4
Fs=16.5
Pe=0
SPL=82.02
Re=3.3
Le=0.00211
fLe=0
KLe=0
BL=11.19
Xmax=0
Cms=0.0008983
Qms=5.22
Qes=0.283
Rms=2.05705
Mms=0.1036
Sd=0.0222
Vas=0.0628
Dia=0
Vd=0
no=0.000969
Dd=0.1681
EBP=58.29
numVC=1
Hc=0
Hg=0
SPLmax=0
SPLmaxLF=0
USPL=85.87
alfaVC=0
Rt=0
Ct=0
gamma=108.01158
Rme=37.94427
Mpow=6.15989
Mcost=0
c=343.68
roo=1.20095
