[Driver]
Brand=CDT Audio
Model=MS-100
Manufacturer=
ProvidedBy=Janne Ahonen
Comment=
DateAdded=20020225
DateModified=20020225
Qts=0.281
Znom=4
Fs=15.3
Pe=0
SPL=84.02
Re=3.25
Le=0.0022
fLe=0
KLe=0
BL=12.04
Xmax=0
Cms=0.0007831
Qms=4.95
Qes=0.298
Rms=2.68353
Mms=0.1382
Sd=0.0344
Vas=0.13145
Dia=0
Vd=0
no=0.001537
Dd=0.2093
EBP=51.37
numVC=1
Hc=0
Hg=0
SPLmax=0
SPLmaxLF=0
USPL=87.94
alfaVC=0
Rt=0
Ct=0
gamma=87.12012
Rme=44.60357
Mpow=6.67859
Mcost=0
c=343.68
roo=1.20095
