[Driver]
Brand=CDT Audio
Model=CDT-4
Manufacturer=
ProvidedBy=Janne Ahonen
Comment=
DateAdded=20020225
DateModified=20020225
Qts=0.413
Znom=4
Fs=89.9
Pe=0
SPL=88.27
Re=3.12
Le=0.00037
fLe=0
KLe=0
BL=4.22
Xmax=0
Cms=0.0006027
Qms=2.08
Qes=0.515
Rms=1.4122
Mms=0.0052
Sd=0.0059
Vas=0.00298
Dia=0
Vd=0
no=0.004087
Dd=0.0867
EBP=174.7
numVC=1
Hc=0
Hg=0
SPLmax=0
SPLmaxLF=0
USPL=92.36
alfaVC=0
Rt=0
Ct=0
gamma=813.10212
Rme=5.70782
Mpow=2.3891
Mcost=0
c=343.68
roo=1.20095
