[Driver]
Brand=CDT Audio
Model=CDT-5
Manufacturer=
ProvidedBy=Janne Ahonen
Comment=
DateAdded=20020225
DateModified=20020225
Qts=0.38
Znom=4
Fs=83.69
Pe=0
SPL=89.86
Re=3.04
Le=0.00045
fLe=0
KLe=0
BL=5.11
Xmax=0
Cms=0.0005023
Qms=2.75
Qes=0.441
Rms=1.37674
Mms=0.0072
Sd=0.008
Vas=0.00456
Dia=0
Vd=0
no=0.005898
Dd=0.1009
EBP=189.87
numVC=1
Hc=0
Hg=0
SPLmax=0
SPLmaxLF=0
USPL=94.07
alfaVC=0
Rt=0
Ct=0
gamma=709.72222
Rme=8.58951
Mpow=2.93079
Mcost=0
c=343.68
roo=1.20095
