[Driver]
Brand=Crunch
Model=DS-15E
Manufacturer=
ProvidedBy=Janne Ahonen
Comment=
DateAdded=20020422
DateModified=20020422
Qts=0.482
Znom=4
Fs=32.69
Pe=450
SPL=91.94
Re=2.4
Le=0.00122
fLe=0
KLe=0
BL=12.00977
Xmax=0
Cms=0.00015
Qms=4.5
Qes=0.54
Rms=7.21276
Mms=0.158
Sd=0.08435
Vas=0.1514
Dia=0
Vd=0
no=0.009525
Dd=0.3277
EBP=60.54
numVC=1
Hc=0
Hg=0
SPLmax=115.47
SPLmaxLF=0
USPL=97.17
alfaVC=0
Rt=0
Ct=0
gamma=76.0112
Rme=60.09774
Mpow=7.75227
Mcost=0
Gloss=0
c=343.68
roo=1.20095
