[Driver]
Brand=Crunch
Model=DS-12E
Manufacturer=
ProvidedBy=Janne Ahonen
Comment=
DateAdded=20020422
DateModified=20020422
Qts=0.438
Znom=4
Fs=35.29
Pe=400
SPL=89.64
Re=3
Le=0.00152
fLe=0
KLe=0
BL=12.64639
Xmax=0
Cms=0.00018
Qms=6.43
Qes=0.47
Rms=3.89659
Mms=0.113
Sd=0.04916
Vas=0.0617
Dia=0
Vd=0
no=0.005611
Dd=0.2502
EBP=75.09
numVC=1
Hc=0
Hg=0
SPLmax=112.66
SPLmaxLF=0
USPL=93.91
alfaVC=0
Rt=0
Ct=0
gamma=111.91498
Rme=53.31042
Mpow=7.3014
Mcost=0
Gloss=0
c=343.68
roo=1.20095
