[Driver]
Brand=Crunch
Model=DS-10E
Manufacturer=
ProvidedBy=Janne Ahonen
Comment=
DateAdded=20020422
DateModified=20020422
Qts=0.382
Znom=4
Fs=32.19
Pe=350
SPL=86.98
Re=2.8
Le=0
fLe=0
KLe=0
BL=11.39466
Xmax=0
Cms=0.00026
Qms=5.54
Qes=0.41
Rms=3.43254
Mms=0.094
Sd=0.03226
Vas=0.0384
Dia=0
Vd=0
no=0.003038
Dd=0.2027
EBP=78.51
numVC=1
Hc=0
Hg=0
SPLmax=109.42
SPLmaxLF=0
USPL=91.54
alfaVC=0
Rt=0
Ct=0
gamma=121.21981
Rme=46.37083
Mpow=6.80961
Mcost=0
Gloss=0
c=343.68
roo=1.20095
