[Driver]
Brand=Electro-Voice
Model=DL18W
Manufacturer=
ProvidedBy=Janne Ahonen
Comment=
DateAdded=20020405
DateModified=20020405
Qts=0.267
Znom=8
Fs=25
Pe=400
SPL=96.86
Re=6
Le=0
fLe=0
KLe=0
BL=24.51869
Xmax=0.0056
Cms=0.0002269
Qms=5.7
Qes=0.28
Rms=4.92183
Mms=0.1786
Sd=0.13
Vas=0.544
Dia=0
Vd=0.000728
no=0.029523
Dd=0.4068
EBP=89.29
numVC=1
Hc=0
Hg=0
SPLmax=119.88
SPLmaxLF=97.81
USPL=98.11
alfaVC=0
Rt=0
Ct=0
gamma=137.2827
Rme=100.19438
Mpow=10.00971
Mcost=0
c=343.68
roo=1.20095
