[Driver]
Brand=Eminence
Model=Sigma PRO 18
Manufacturer=Eminence Speakers
ProvidedBy=Choong Keat Yian
Comment=ż25Hz - 2.5kHz
DateAdded=20040407
DateModified=20040407
Qts=0.29
Znom=8
Fs=28
Pe=650
SPL=97.12
Re=6.29
Le=0.0019
fLe=0
KLe=0
BL=22.3171
Xmax=0.006
Cms=0.0002393
Qms=8.28
Qes=0.3
Rms=2.8689
Mms=0.135
Sd=0.11401
Vas=0.4412
Dia=0
Vd=0.00068
no=0.031397
Dd=0.381000762001524
EBP=93.33
numVC=1
Hc=0
Hg=0
SPLmax=122.25
SPLmaxLF=97.27
USPL=98.17
alfaVC=0
Rt=0
Ct=0
gamma=165.28355
Rme=79.18167
Mpow=8.89841
Mcost=0
Gloss=0.052807
c=343.68
roo=1.20095
Thick=0
Depth=0
MagDepth=0
Magnet=0
Basket=0
Outer=0.4572
Vcd=0
DVol=0
