[Driver]
Brand=Focal
Model=38 V
Manufacturer=
ProvidedBy=Janne Ahonen
Comment=
DateAdded=20020412
DateModified=20020412
Qts=0.422
Znom=4
Fs=20.06
Pe=350
SPL=90.79
Re=3
Le=0
fLe=0
KLe=0
BL=11.9
Xmax=0.007
Cms=0.000388
Qms=17.2
Qes=0.433
Rms=1.18886
Mms=0.1622
Sd=0.08553
Vas=0.40262
Dia=0
Vd=0.000599
no=0.0073
Dd=0.33
EBP=46.32
numVC=1
Hc=0.024
Hg=0.01
SPLmax=113.23
SPLmaxLF=96.11
USPL=95.05
alfaVC=0
Rt=0
Ct=0
gamma=73.36621
Rme=47.20333
Mpow=6.87047
Mcost=80.24566
c=343.68
roo=1.20095
