[Driver]
Brand=Focal
Model=33 V
Manufacturer=
ProvidedBy=Janne Ahonen
Comment=
DateAdded=20020412
DateModified=20020412
Qts=0.477
Znom=4
Fs=25.24
Pe=300
SPL=88.29
Re=2.6
Le=0.0018
fLe=0
KLe=0
BL=10.1
Xmax=0.012
Cms=0.000325
Qms=13.39
Qes=0.494
Rms=1.44899
Mms=0.1223
Sd=0.05309
Vas=0.1299
Dia=0
Vd=0.000637
no=0.004112
Dd=0.26
EBP=51.06
numVC=2
Hc=0.032
Hg=0.008
SPLmax=110.06
SPLmaxLF=96.65
USPL=93.18
alfaVC=0
Rt=0
Ct=0
gamma=82.58381
Rme=39.23462
Mpow=6.26375
Mcost=98.08655
c=343.68
roo=1.20095
