[Driver]
Brand=Focal
Model=11K7511
Manufacturer=
ProvidedBy=Janne Ahonen
Comment=
DateAdded=20020302
DateModified=20020302
Qts=0.328
Znom=8
Fs=27
Pe=175
SPL=90.32
Re=5.9
Le=0
fLe=0
KLe=0
BL=11.3
Xmax=0.009
Cms=0.0007194
Qms=2.48
Qes=0.379
Rms=3.30396
Mms=0.0483
Sd=0.03563
Vas=0.12968
Dia=0
Vd=0.000321
no=0.00655
Dd=0.213
EBP=71.31
numVC=1
Hc=0.026
Hg=0.008
SPLmax=109.75
SPLmaxLF=90.69
USPL=91.64
alfaVC=0
Rt=0
Ct=0
gamma=233.95445
Rme=21.64237
Mpow=4.65214
Mcost=45.99004
c=343.68
roo=1.20095
