[Driver]
Brand=Focal
Model=13V7511
Manufacturer=
ProvidedBy=Janne Ahonen
Comment=
DateAdded=20020324
DateModified=20020324
Qts=0.353
Znom=8
Fs=31.2
Pe=175
SPL=92.45
Re=6
Le=0.00116
fLe=0
KLe=0
BL=13
Xmax=0.009
Cms=0.000421
Qms=1.98
Qes=0.43
Rms=6.11953
Mms=0.0618
Sd=0.05107
Vas=0.15574
Dia=0
Vd=0.00046
no=0.010697
Dd=0.255
EBP=72.54
numVC=1
Hc=0.026
Hg=0.008
SPLmax=111.88
SPLmaxLF=93.81
USPL=93.7
alfaVC=0
Rt=0
Ct=0
gamma=210.35599
Rme=28.16667
Mpow=5.30723
Mcost=59.85417
c=343.68
roo=1.20095
