[Driver]
Brand=Focal
Model=5 WS
Manufacturer=
ProvidedBy=Janne Ahonen
Comment=
DateAdded=20020412
DateModified=20020412
Qts=0.359
Znom=4
Fs=44.64
Pe=80
SPL=85.29
Re=5.2
Le=0.00105
fLe=0
KLe=0
BL=7.5
Xmax=0.0077
Cms=0.000859
Qms=5.51
Qes=0.384
Rms=0.75327
Mms=0.0148
Sd=0.00866
Vas=0.00914
Dia=0
Vd=6.7E-5
no=0.00206
Dd=0.105
EBP=116.33
numVC=1
Hc=0.0215
Hg=0.006
SPLmax=101.32
SPLmaxLF=77.1
USPL=87.17
alfaVC=0
Rt=0
Ct=0
gamma=506.75676
Rme=10.81731
Mpow=3.28897
Mcost=24.78967
c=343.68
roo=1.20095
