[Driver]
Brand=Fostex
Model=FE168-Sigma
Manufacturer=
ProvidedBy=Choong Keat Yian
Comment=fo-20Khz
DateAdded=20040416
DateModified=20040416
Qts=0.368
Znom=8
Fs=60
Pe=27
SPL=91.2
Re=7.6
Le=0
fLe=0
KLe=0
BL=9.08494
Xmax=0.0013
Cms=0.0006106
Qms=4.53
Qes=0.4
Rms=0.95894
Mms=0.0115
Sd=0.0132774193548387
Vas=0.01527
Dia=0
Vd=2.83168199078571E-5
no=0.008019
Dd=0.13004826009652
EBP=150
numVC=1
Hc=0
Hg=0
SPLmax=102.51
SPLmaxLF=64.96
USPL=91.42
alfaVC=0
Rt=0
Ct=0
gamma=788.42902
Rme=10.86002
Mpow=3.29545
Mcost=0
Gloss=0.055201
c=343.68
roo=1.20095
Thick=0
Depth=0
MagDepth=0
Magnet=0
Basket=0
Outer=0.19
Vcd=0
DVol=0
