[Driver]
Brand=Fostex
Model=FE168E-Sigma
Manufacturer=
ProvidedBy=Choong Keat Yian
Comment=fs-21Khz
DateAdded=20040416
DateModified=20040416
Qts=0.257
Znom=8
Fs=51
Pe=27
SPL=92.69
Re=6.8
Le=6E-5
fLe=0
KLe=0
BL=7.7503
Xmax=0.0016
Cms=0.0013085
Qms=5.328
Qes=0.27
Rms=0.44764
Mms=0.0074
Sd=0.0113
Vas=0.0237
Dia=0
Vd=2.83168199078571E-5
no=0.011324
Dd=0.11988823977648
EBP=188.89
numVC=1
Hc=0
Hg=0
SPLmax=104
SPLmaxLF=65.71
USPL=93.4
alfaVC=0
Rt=0
Ct=0
gamma=1041.30187
Rme=8.83341
Mpow=2.9721
Mcost=0
Gloss=0.05969
c=343.68
roo=1.20095
Thick=0
Depth=0
MagDepth=0
Magnet=0
Basket=0
Outer=0.19
Vcd=0
DVol=0
