[Driver]
Brand=Fostex
Model=FE208-Sigma
Manufacturer=
ProvidedBy=Choong Keat Yian
Comment=fo-20Khz
DateAdded=20040416
DateModified=20040416
Qts=0.218
Znom=8
Fs=45
Pe=34
SPL=93.68
Re=6.7
Le=0
fLe=0
KLe=0
BL=12.97645
Xmax=0.0008
Cms=0.0006118
Qms=4.03
Qes=0.23
Rms=1.43437
Mms=0.0204
Sd=0.0206193548387097
Vas=0.0369
Dia=0
Vd=2.83168199078571E-5
no=0.014218
Dd=0.162052324104648
EBP=195.65
numVC=1
Hc=0
Hg=0
SPLmax=105.99
SPLmaxLF=64.35
USPL=94.46
alfaVC=0
Rt=0
Ct=0
gamma=634.72184
Rme=25.13258
Mpow=5.01324
Mcost=0
Gloss=0.163559
c=343.68
roo=1.20095
Thick=0
Depth=0
MagDepth=0
Magnet=0
Basket=0
Outer=0.23
Vcd=0
DVol=0
