[Driver]
Brand=Fostex
Model=FE208E-Sigma
Manufacturer=
ProvidedBy=Choong Keat Yian
Comment=fs-14Khz
DateAdded=20040416
DateModified=20040416
Qts=0.184
Znom=8
Fs=42
Pe=40
SPL=95.73
Re=6.4
Le=0
fLe=0
KLe=0
BL=11.03251
Xmax=0.0013
Cms=0.0010487
Qms=6.191
Qes=0.19
Rms=0.58366
Mms=0.0137
Sd=0.0201
Vas=0.0601
Dia=0
Vd=2.83168199078571E-5
no=0.022791
Dd=0.16002032004064
EBP=221.05
numVC=1
Hc=0
Hg=0
SPLmax=108.75
SPLmaxLF=68.57
USPL=96.71
alfaVC=0
Rt=0
Ct=0
gamma=805.71487
Rme=19.01815
Mpow=4.36098
Mcost=0
Gloss=0.112655
c=343.68
roo=1.20095
Thick=0
Depth=0
MagDepth=0
Magnet=0
Basket=0
Outer=0.23
Vcd=0
DVol=0
