[Driver]
Brand=Ground Zero
Model=Hydrogen GZHW 15
Manufacturer=
ProvidedBy=Janne Ahonen
Comment=
DateAdded=20020223
DateModified=20020223
Qts=0.435
Znom=6
Fs=26.12
Pe=1000
SPL=90.17
Re=3.7
Le=0
fLe=0
KLe=0
BL=17
Xmax=0.025
Cms=0.000168
Qms=7
Qes=0.464
Rms=5.18131
Mms=0.221
Sd=0.0844
Vas=0.16962
Dia=0
Vd=0.00211
no=0.006336
Dd=0.3278
EBP=56.25
numVC=1
Hc=0
Hg=0
SPLmax=117.17
SPLmaxLF=107.05
USPL=93.53
alfaVC=0
Rt=0
Ct=0
gamma=76.92308
Rme=78.10811
Mpow=8.83788
Mcost=0
c=343.68
roo=1.20095
