[Driver]
Brand=Ground Zero
Model=Hydrogen GZHW 12
Manufacturer=
ProvidedBy=Janne Ahonen
Comment=
DateAdded=20020223
DateModified=20020223
Qts=0.457
Znom=6
Fs=26.47
Pe=800
SPL=86.56
Re=3.7
Le=0
fLe=0
KLe=0
BL=15
Xmax=0.025
Cms=0.000202
Qms=6.7
Qes=0.49
Rms=4.44263
Mms=0.179
Sd=0.0511
Vas=0.07488
Dia=0
Vd=0.001278
no=0.002756
Dd=0.2551
EBP=54.07
numVC=1
Hc=0
Hg=0
SPLmax=112.59
SPLmaxLF=102.69
USPL=89.91
alfaVC=0
Rt=0
Ct=0
gamma=83.79888
Rme=60.81081
Mpow=7.79813
Mcost=0
c=343.68
roo=1.20095
