[Driver]
Brand=Ground Zero
Model=Hydrogen GZHW 10
Manufacturer=
ProvidedBy=Janne Ahonen
Comment=
DateAdded=20020223
DateModified=20020223
Qts=0.338
Znom=6
Fs=24.6
Pe=600
SPL=86.17
Re=3.7
Le=0
fLe=0
KLe=0
BL=14
Xmax=0.025
Cms=0.000343
Qms=6.5
Qes=0.356
Rms=2.90187
Mms=0.122
Sd=0.0357
Vas=0.06203
Dia=0
Vd=0.000893
no=0.002523
Dd=0.2132
EBP=69.11
numVC=1
Hc=0
Hg=0
SPLmax=110.95
SPLmaxLF=99.58
USPL=89.53
alfaVC=0
Rt=0
Ct=0
gamma=114.7541
Rme=52.97297
Mpow=7.27825
Mcost=0
c=343.68
roo=1.20095
