[Driver]
Brand=Ground Zero
Model=Plutonium GZPW 15
Manufacturer=
ProvidedBy=Janne Ahonen
Comment=
DateAdded=20020223
DateModified=20020223
Qts=0.149
Znom=8
Fs=25.91
Pe=4500
SPL=92.69
Re=1.425
Le=0
fLe=0
KLe=0
BL=20.95
Xmax=0.0375
Cms=0.000127
Qms=2.78
Qes=0.157
Rms=17.3982
Mms=0.297
Sd=0.0763
Vas=0.10488
Dia=0
Vd=0.002861
no=0.0113
Dd=0.3117
EBP=165.03
numVC=2
Hc=0
Hg=0
SPLmax=126.22
SPLmaxLF=109.7
USPL=94.16
alfaVC=0
Rt=0
Ct=0
gamma=70.53872
Rme=308.00175
Mpow=17.54998
Mcost=0
c=343.68
roo=1.20095
