[Driver]
Brand=HSU Research
Model=ASW1202
Manufacturer=
ProvidedBy=Janne Ahonen
Comment=
DateAdded=20020401
DateModified=20020401
Qts=0.313
Znom=4
Fs=23
Pe=250
SPL=89.03
Re=3.25
Le=0
fLe=0
KLe=0
BL=13.20296
Xmax=0.013
Cms=0.0003794
Qms=4
Qes=0.34
Rms=4.55909
Mms=0.1262
Sd=0.051
Vas=0.14
Dia=0
Vd=0.000663
no=0.004872
Dd=0.2548
EBP=67.65
numVC=1
Hc=0
Hg=0
SPLmax=110.01
SPLmaxLF=96.99
USPL=92.95
alfaVC=0
Rt=0
Ct=0
gamma=104.62631
Rme=53.63634
Mpow=7.32368
Mcost=0
c=343.68
roo=1.20095
