[Driver]
Brand=Image Dynamics
Model=ID12 4
Manufacturer=
ProvidedBy=Janne Ahonen
Comment=
DateAdded=20020329
DateModified=20020329
Qts=0.445
Znom=4
Fs=27
Pe=200
SPL=89.08
Re=3.1
Le=0
fLe=0
KLe=0
BL=10.4671
Xmax=0.01
Cms=0.0003283
Qms=3.62
Qes=0.508
Rms=4.9596
Mms=0.1058
Sd=0.053
Vas=0.1308237079743
Dia=0
Vd=0.00053
no=0.00493
Dd=0.2598
EBP=53.15
numVC=1
Hc=0
Hg=0
SPLmax=109.09
SPLmaxLF=95.05
USPL=93.2
alfaVC=0
Rt=0
Ct=0
gamma=98.90428
Rme=35.34202
Mpow=5.94492
Mcost=0
c=343.68
roo=1.20095
