[Driver]
Brand=Image Dynamics
Model=IDQ15DVC
Manufacturer=
ProvidedBy=Janne Ahonen
Comment=
DateAdded=20020324
DateModified=20020324
Qts=0.334
Znom=2
Fs=22
Pe=350
SPL=90.85
Re=1.7
Le=0
fLe=0
KLe=0
BL=11.56375
Xmax=0.0115
Cms=0.0002534
Qms=4.19
Qes=0.363
Rms=6.81461
Mms=0.2066
Sd=0.085
Vas=0.2597
Dia=0
Vd=0.000978
no=0.007408
Dd=0.329
EBP=60.61
numVC=2
Hc=0
Hg=0
SPLmax=113.29
SPLmaxLF=100.37
USPL=97.58
alfaVC=0
Rt=0
Ct=0
gamma=55.98172
Rme=78.65898
Mpow=8.86899
Mcost=0
c=343.68
roo=1.20095
