[Driver]
Brand=Image Dynamics
Model=IDQ10
Manufacturer=
ProvidedBy=Janne Ahonen
Comment=
DateAdded=20020324
DateModified=20020324
Qts=0.34
Znom=4
Fs=24.5
Pe=200
SPL=88.13
Re=3.4
Le=0
fLe=0
KLe=0
BL=9.54568
Xmax=0.01
Cms=0.0006215
Qms=2.65
Qes=0.39
Rms=3.94415
Mms=0.0679
Sd=0.035
Vas=0.108
Dia=0
Vd=0.00035
no=0.003961
Dd=0.2111
EBP=62.82
numVC=1
Hc=0
Hg=0
SPLmax=108.14
SPLmaxLF=91.45
USPL=91.85
alfaVC=0
Rt=0
Ct=0
gamma=140.5896
Rme=26.80003
Mpow=5.17687
Mcost=0
c=343.68
roo=1.20095
