[Driver]
Brand=Image Dynamics
Model=IDQ8
Manufacturer=
ProvidedBy=Janne Ahonen
Comment=
DateAdded=20020324
DateModified=20020324
Qts=0.27
Znom=6
Fs=28
Pe=150
SPL=88.17
Re=3.4
Le=0
fLe=0
KLe=0
BL=8.59043
Xmax=0.005
Cms=0.0008448
Qms=2.1
Qes=0.31
Rms=3.20401
Mms=0.0382
Sd=0.022
Vas=0.058
Dia=0
Vd=0.00011
no=0.003994
Dd=0.1674
EBP=90.32
numVC=1
Hc=0
Hg=0
SPLmax=106.93
SPLmaxLF=81.39
USPL=91.89
alfaVC=0
Rt=0
Ct=0
gamma=224.61567
Rme=21.70457
Mpow=4.65882
Mcost=0
c=343.68
roo=1.20095
