[Driver]
Brand=Image Dynamics
Model=IDQ12
Manufacturer=
ProvidedBy=Janne Ahonen
Comment=
DateAdded=20020324
DateModified=20020324
Qts=0.28
Znom=6
Fs=19
Pe=300
SPL=88.99
Re=3.9
Le=0
fLe=0
KLe=0
BL=13.95115
Xmax=0.0095
Cms=0.0005521
Qms=3.5
Qes=0.304
Rms=4.33472
Mms=0.1271
Sd=0.053
Vas=0.22
Dia=0
Vd=0.000503
no=0.004827
Dd=0.2598
EBP=62.5
numVC=1
Hc=0
Hg=0
SPLmax=110.76
SPLmaxLF=94.6
USPL=92.12
alfaVC=0
Rt=0
Ct=0
gamma=109.77778
Rme=49.90631
Mpow=7.06444
Mcost=0
c=343.68
roo=1.20095
