[Driver]
Brand=Image Dynamics
Model=ID10 8
Manufacturer=
ProvidedBy=Janne Ahonen
Comment=
DateAdded=20020329
DateModified=20020329
Qts=0.418
Znom=8
Fs=29
Pe=150
SPL=88.62
Re=6.3
Le=0
fLe=0
KLe=0
BL=11.33971
Xmax=0.01
Cms=0.0005378
Qms=2.54
Qes=0.5
Rms=4.0179
Mms=0.056
Sd=0.035
Vas=0.0934455056959283
Dia=0
Vd=0.00035
no=0.004433
Dd=0.2111
EBP=58
numVC=1
Hc=0
Hg=0
SPLmax=107.38
SPLmaxLF=91.45
USPL=89.66
alfaVC=0
Rt=0
Ct=0
gamma=202.46339
Rme=20.41095
Mpow=4.51785
Mcost=0
c=343.68
roo=1.20095
