[Driver]
Brand=Image Dynamics
Model=IDQ10 D2 V.2
Manufacturer=
ProvidedBy=Janne Ahonen
Comment=
DateAdded=20020324
DateModified=20020324
Qts=0.322
Znom=2
Fs=23
Pe=250
SPL=85.58
Re=0.925
Le=0
fLe=0
KLe=0
BL=7.08638
Xmax=0.0132
Cms=0.0003695
Qms=4.77
Qes=0.345
Rms=3.92653
Mms=0.1296
Sd=0.035
Vas=0.0642
Dia=0
Vd=0.000462
no=0.002202
Dd=0.2111
EBP=66.67
numVC=2
Hc=0
Hg=0
SPLmax=106.56
SPLmaxLF=93.86
USPL=94.95
alfaVC=0
Rt=0
Ct=0
gamma=54.67712
Rme=54.28848
Mpow=7.36807
Mcost=0
c=343.68
roo=1.20095
