[Driver]
Brand=Image Dynamics
Model=IDQ10DVC
Manufacturer=
ProvidedBy=Janne Ahonen
Comment=
DateAdded=20020324
DateModified=20020324
Qts=0.31
Znom=2
Fs=23
Pe=250
SPL=86.71
Re=1.75
Le=0
fLe=0
KLe=0
BL=8.68767
Xmax=0.011
Cms=0.0004719
Qms=3.5
Qes=0.34
Rms=4.18967
Mms=0.1015
Sd=0.035
Vas=0.082
Dia=0
Vd=0.000385
no=0.002854
Dd=0.2111
EBP=67.65
numVC=2
Hc=0
Hg=0
SPLmax=107.69
SPLmaxLF=92.27
USPL=93.32
alfaVC=0
Rt=0
Ct=0
gamma=85.61765
Rme=43.12897
Mpow=6.56726
Mcost=0
c=343.68
roo=1.20095
