[Driver]
Brand=Image Dynamics
Model=IDQ15
Manufacturer=
ProvidedBy=Janne Ahonen
Comment=
DateAdded=20020324
DateModified=20020324
Qts=0.31
Znom=6
Fs=21.5
Pe=350
SPL=91.42
Re=3.9
Le=0
fLe=0
KLe=0
BL=16.96863
Xmax=0.0095
Cms=0.0002923
Qms=3.26
Qes=0.343
Rms=7.76793
Mms=0.1875
Sd=0.085
Vas=0.29959
Dia=0
Vd=0.000808
no=0.008442
Dd=0.329
EBP=62.68
numVC=1
Hc=0
Hg=0
SPLmax=113.86
SPLmaxLF=98.71
USPL=94.55
alfaVC=0
Rt=0
Ct=0
gamma=90.5195
Rme=73.82929
Mpow=8.5924
Mcost=0
c=343.68
roo=1.20095
