[Driver]
Brand=Image Dynamics
Model=ID10 4
Manufacturer=
ProvidedBy=Janne Ahonen
Comment=
DateAdded=20020329
DateModified=20020329
Qts=0.422
Znom=4
Fs=30
Pe=150
SPL=88.76
Re=3.5
Le=0
fLe=0
KLe=0
BL=9.159
Xmax=0.01
Cms=0.0004709
Qms=4.1
Qes=0.47
Rms=2.74753
Mms=0.0598
Sd=0.035
Vas=0.0818356095337069
Dia=0
Vd=0.00035
no=0.004572
Dd=0.2111
EBP=63.83
numVC=1
Hc=0
Hg=0
SPLmax=107.52
SPLmaxLF=91.45
USPL=92.36
alfaVC=0
Rt=0
Ct=0
gamma=153.16056
Rme=23.9678
Mpow=4.89569
Mcost=0
c=343.68
roo=1.20095
