[Driver]
Brand=Image Dynamics
Model=IDQ8DVC
Manufacturer=
ProvidedBy=Janne Ahonen
Comment=
DateAdded=20020324
DateModified=20020324
Qts=0.236
Znom=2
Fs=26
Pe=150
SPL=88.11
Re=1.65
Le=0
fLe=0
KLe=0
BL=6.66718
Xmax=0.0055
Cms=0.0008739
Qms=2.58
Qes=0.26
Rms=2.71497
Mms=0.0429
Sd=0.022
Vas=0.06
Dia=0
Vd=0.000121
no=0.003945
Dd=0.1674
EBP=100
numVC=2
Hc=0
Hg=0
SPLmax=106.87
SPLmaxLF=82.22
USPL=94.98
alfaVC=0
Rt=0
Ct=0
gamma=155.49293
Rme=26.94021
Mpow=5.1904
Mcost=0
c=343.68
roo=1.20095
