[Driver]
Brand=Image Dynamics
Model=ID12 8
Manufacturer=
ProvidedBy=Janne Ahonen
Comment=
DateAdded=20020329
DateModified=20020329
Qts=0.427
Znom=8
Fs=27.5
Pe=200
SPL=89.49
Re=6.2
Le=0
fLe=0
KLe=0
BL=15.0767
Xmax=0.01
Cms=0.0003255
Qms=3.56
Qes=0.485
Rms=4.99474
Mms=0.1029
Sd=0.053
Vas=0.129691035177985
Dia=0
Vd=0.00053
no=0.005408
Dd=0.2598
EBP=56.7
numVC=1
Hc=0
Hg=0
SPLmax=109.5
SPLmaxLF=95.05
USPL=90.6
alfaVC=0
Rt=0
Ct=0
gamma=146.50627
Rme=36.6624
Mpow=6.05495
Mcost=0
c=343.68
roo=1.20095
