[Driver]
Brand=Image Dynamics
Model=IDQ12DVC
Manufacturer=
ProvidedBy=Janne Ahonen
Comment=
DateAdded=20020324
DateModified=20020324
Qts=0.319
Znom=2
Fs=19.5
Pe=300
SPL=88.72
Re=1.7
Le=0
fLe=0
KLe=0
BL=8.59351
Xmax=0.0115
Cms=0.0005446
Qms=4.28
Qes=0.345
Rms=3.50161
Mms=0.1223
Sd=0.053
Vas=0.217
Dia=0
Vd=0.00061
no=0.004536
Dd=0.2598
EBP=56.52
numVC=2
Hc=0
Hg=0
SPLmax=110.49
SPLmaxLF=96.26
USPL=95.45
alfaVC=0
Rt=0
Ct=0
gamma=70.25446
Rme=43.44021
Mpow=6.59092
Mcost=0
c=343.68
roo=1.20095
