[Driver]
Brand=Image Dynamics
Model=IDQ12 D2 V.2
Manufacturer=
ProvidedBy=Janne Ahonen
Comment=
DateAdded=20020324
DateModified=20020324
Qts=0.256
Znom=2
Fs=19
Pe=350
SPL=87.62
Re=0.975
Le=0
fLe=0
KLe=0
BL=9.1638
Xmax=0.0135
Cms=0.0003589
Qms=4.59
Qes=0.271
Rms=5.08514
Mms=0.1955
Sd=0.053
Vas=0.143
Dia=0
Vd=0.000716
no=0.00352
Dd=0.2598
EBP=70.11
numVC=2
Hc=0
Hg=0
SPLmax=110.06
SPLmaxLF=97.66
USPL=96.77
alfaVC=0
Rt=0
Ct=0
gamma=46.86982
Rme=86.1284
Mpow=9.28054
Mcost=0
c=343.68
roo=1.20095
