[Driver]
Brand=Image Dynamics
Model=IDQ15 D4 V.2
Manufacturer=
ProvidedBy=Janne Ahonen
Comment=
DateAdded=20020324
DateModified=20020324
Qts=0.294
Znom=2
Fs=21.5
Pe=400
SPL=91.22
Re=1.8
Le=0
fLe=0
KLe=0
BL=12.93403
Xmax=0.0135
Cms=0.0002578
Qms=6.1
Qes=0.309
Rms=4.70787
Mms=0.2126
Sd=0.084
Vas=0.258
Dia=0
Vd=0.001134
no=0.00807
Dd=0.327
EBP=69.58
numVC=2
Hc=0
Hg=0
SPLmax=114.24
SPLmaxLF=101.66
USPL=97.7
alfaVC=0
Rt=0
Ct=0
gamma=60.84128
Rme=92.93847
Mpow=9.64046
Mcost=0
c=343.68
roo=1.20095
