[Driver]
Brand=Image Dynamics
Model=IDQ10 D4 V.2
Manufacturer=
ProvidedBy=Janne Ahonen
Comment=
DateAdded=20020324
DateModified=20020324
Qts=0.35
Znom=2
Fs=26
Pe=250
SPL=86.39
Re=1.9
Le=0
fLe=0
KLe=0
BL=9.6524
Xmax=0.0132
Cms=0.0003338
Qms=5.42
Qes=0.374
Rms=3.38368
Mms=0.1123
Sd=0.035
Vas=0.058
Dia=0
Vd=0.000462
no=0.002653
Dd=0.2111
EBP=69.52
numVC=2
Hc=0
Hg=0
SPLmax=107.37
SPLmaxLF=93.86
USPL=92.64
alfaVC=0
Rt=0
Ct=0
gamma=85.98052
Rme=49.03619
Mpow=7.00258
Mcost=0
c=343.68
roo=1.20095
