[Driver]
Brand=Image Dynamics
Model=IDQ12 D4 V.2
Manufacturer=
ProvidedBy=Janne Ahonen
Comment=
DateAdded=20020324
DateModified=20020324
Qts=0.26
Znom=2
Fs=19.7
Pe=350
SPL=88.63
Re=1.75
Le=0
fLe=0
KLe=0
BL=11.12885
Xmax=0.0137
Cms=0.0004136
Qms=4.4
Qes=0.276
Rms=4.43935
Mms=0.1578
Sd=0.053
Vas=0.1648
Dia=0
Vd=0.000726
no=0.00444
Dd=0.2598
EBP=71.38
numVC=2
Hc=0
Hg=0
SPLmax=111.07
SPLmaxLF=97.78
USPL=95.24
alfaVC=0
Rt=0
Ct=0
gamma=70.52202
Rme=70.77218
Mpow=8.41262
Mcost=0
c=343.68
roo=1.20095
