[Driver]
Brand=Infinity
Model=Beta 12
Manufacturer=
ProvidedBy=Janne Ahonen
Comment=
DateAdded=20020329
DateModified=20020329
Qts=0.242
Znom=4
Fs=22
Pe=275
SPL=90.31
Re=2.8
Le=0
fLe=0
KLe=0
BL=13.78215
Xmax=0.01
Cms=0.0004266
Qms=7.88
Qes=0.25
Rms=2.15223
Mms=0.1227
Sd=0.0511
Vas=0.158
Dia=0
Vd=0.000511
no=0.006545
Dd=0.2551
EBP=88
numVC=1
Hc=0
Hg=0
SPLmax=111.7
SPLmaxLF=94.73
USPL=94.87
alfaVC=0
Rt=0
Ct=0
gamma=112.32392
Rme=67.8384
Mpow=8.23641
Mcost=0
c=343.68
roo=1.20095
