[Driver]
Brand=Infinity
Model=Beta 15
Manufacturer=
ProvidedBy=Janne Ahonen
Comment=
DateAdded=20020324
DateModified=20020324
Qts=0.234
Znom=6
Fs=22
Pe=350
SPL=93.86
Re=3.4
Le=0.00238
fLe=1000
KLe=0.188654
BL=17.08259
Xmax=0.01
Cms=0.0003512
Qms=9.9
Qes=0.24
Rms=2.08069
Mms=0.149
Sd=0.083
Vas=0.3432
Dia=0
Vd=0.00083
no=0.014808
Dd=0.3251
EBP=91.67
numVC=1
Hc=0
Hg=0
SPLmax=116.3
SPLmaxLF=98.95
USPL=97.58
alfaVC=0
Rt=0
Ct=0
gamma=114.64826
Rme=85.82791
Mpow=9.26434
Mcost=0
c=343.68
roo=1.20095
