[Driver]
Brand=Infinity
Model=Beta 10
Manufacturer=
ProvidedBy=Janne Ahonen
Comment=
DateAdded=20020329
DateModified=20020329
Qts=0.195
Znom=4
Fs=24
Pe=250
SPL=89.29
Re=2.8
Le=0
fLe=0
KLe=0
BL=14.30922
Xmax=0.01
Cms=0.0004534
Qms=8.08
Qes=0.2
Rms=1.81006
Mms=0.097
Sd=0.0346
Vas=0.077
Dia=0
Vd=0.000346
no=0.005176
Dd=0.2099
EBP=120
numVC=1
Hc=0
Hg=0
SPLmax=110.27
SPLmaxLF=91.35
USPL=93.85
alfaVC=0
Rt=0
Ct=0
gamma=147.53777
Rme=73.12634
Mpow=8.55139
Mcost=0
c=343.68
roo=1.20095
