[Driver]
Brand=JBL
Model=2226G
Manufacturer=
ProvidedBy=Janne Ahonen
Comment=
DateAdded=20020115
DateModified=20020115
Qts=0.316
Znom=4
Fs=40
Pe=600
SPL=97.3
Re=2.5
Le=0.00092
fLe=0
KLe=0
BL=13.5
Xmax=0.0076
Cms=0.0001615
Qms=5
Qes=0.338
Rms=4.9274
Mms=0.098
Sd=0.088
Vas=0.17741
Dia=0
Vd=0.000671
no=0.032683
Dd=0.3347
EBP=118.39
numVC=1
Hc=0
Hg=0
SPLmax=122.08
SPLmaxLF=97.09
USPL=102.35
alfaVC=0
Rt=0
Ct=0
gamma=137.7551
Rme=72.9
Mpow=8.53815
Mcost=0
c=343.68
roo=1.20095
