[Driver]
Brand=JBL
Model=GTX-15
Manufacturer=
ProvidedBy=Janne Ahonen
Comment=
DateAdded=20020306
DateModified=20020306
Qts=0.376
Znom=4
Fs=22.6
Pe=250
SPL=91.63
Re=3.3
Le=0.00067
fLe=0
KLe=0
BL=13.8963
Xmax=0.014
Cms=0.0003086
Qms=10.18
Qes=0.39
Rms=2.24165
Mms=0.1607
Sd=0.08387
Vas=0.3079
Dia=0
Vd=0.001172
no=0.008863
Dd=0.3268
EBP=57.95
numVC=1
Hc=0
Hg=0
SPLmax=112.61
SPLmaxLF=101.94
USPL=95.48
alfaVC=0
Rt=0
Ct=0
gamma=86.47352
Rme=58.51728
Mpow=7.64966
Mcost=0
c=343.68
roo=1.20095
