[Driver]
Brand=JBL
Model=2235H
Manufacturer=JBL
ProvidedBy=Janne Ahonen
Comment=
DateAdded=20011222
DateModified=20011222
Qts=0.25
Znom=8
Fs=20
Pe=150
SPL=93.34
Re=6
Le=0.0012
fLe=1000
KLe=0.09512
BL=20.5
Xmax=0.0084
Cms=0.0004086
Qms=2.5
Qes=0.278
Rms=7.79026
Mms=0.155
Sd=0.09
Vas=0.46948
Dia=0
Vd=0.000754
no=0.013135
Dd=0.3385
EBP=71.92
numVC=1
Hc=0
Hg=0
SPLmax=112.1
SPLmaxLF=98.11
USPL=94.59
alfaVC=0.0039
Rt=0
Ct=0
gamma=132.25806
Rme=70.04167
Mpow=8.36909
Mcost=0
c=343.68
roo=1.20095
