[Driver]
Brand=JL Audio
Model=10W1-4
Manufacturer=
ProvidedBy=Janne Ahonen
Comment=
DateAdded=20020401
DateModified=20020401
Qts=0.397
Znom=4
Fs=23.6
Pe=125
SPL=86.75
Re=3.65
Le=0
fLe=0
KLe=0
BL=9.84666
Xmax=0.008
Cms=0.0006016
Qms=6.673
Qes=0.422
Rms=1.67987
Mms=0.0756
Sd=0.0334
Vas=0.0952
Dia=0
Vd=0.000267
no=0.002884
Dd=0.2062
EBP=55.92
numVC=1
Hc=0
Hg=0
SPLmax=104.72
SPLmaxLF=89.1
USPL=90.16
alfaVC=0
Rt=0
Ct=0
gamma=130.25167
Rme=26.56349
Mpow=5.15398
Mcost=0
c=343.68
roo=1.20095
