[Driver]
Brand=JL Audio
Model=12W7
Manufacturer=
ProvidedBy=Janne Ahonen
Comment=
DateAdded=20020223
DateModified=20020223
Qts=0.482
Znom=4
Fs=27.23
Pe=0
SPL=86.17
Re=2.471
Le=0
fLe=0
KLe=0
BL=13.32143
Xmax=0.0292
Cms=0.0001583
Qms=7.807
Qes=0.514
Rms=4.72833
Mms=0.2158
Sd=0.0542
Vas=0.06598
Dia=0
Vd=0.001583
no=0.002521
Dd=0.2627
EBP=52.98
numVC=1
Hc=0
Hg=0
SPLmax=0
SPLmaxLF=104.55
USPL=91.28
alfaVC=0
Rt=0
Ct=0
gamma=61.73045
Rme=71.8173
Mpow=8.47451
Mcost=0
c=343.68
roo=1.20095
