[Driver]
Brand=JL Audio
Model=12W4-D4
Manufacturer=
ProvidedBy=Janne Ahonen
Comment=
DateAdded=20020406
DateModified=20020406
Qts=0.392
Znom=2
Fs=23.1
Pe=200
SPL=88.05
Re=1.61
Le=0
fLe=0
KLe=0
BL=8.89098
Xmax=0.0102
Cms=0.0003365
Qms=6.49
Qes=0.417
Rms=3.15475
Mms=0.1411
Sd=0.0532
Vas=0.1351
Dia=0
Vd=0.000543
no=0.003884
Dd=0.2603
EBP=55.4
numVC=2
Hc=0
Hg=0
SPLmax=108.06
SPLmaxLF=95.25
USPL=95.02
alfaVC=0
Rt=0
Ct=0
gamma=63.02778
Rme=49.09909
Mpow=7.00707
Mcost=0
c=343.68
roo=1.20095
