[Driver]
Brand=JL Audio
Model=12W5-D4
Manufacturer=
ProvidedBy=Janne Ahonen
Comment=
DateAdded=20020406
DateModified=20020406
Qts=0.437
Znom=2
Fs=28.8
Pe=250
SPL=89.62
Re=1.93
Le=0
fLe=0
KLe=0
BL=8.7511
Xmax=0.0071
Cms=0.0003034
Qms=9.029
Qes=0.459
Rms=2.01716
Mms=0.1006
Sd=0.0506
Vas=0.1102
Dia=0
Vd=0.000359
no=0.005578
Dd=0.2538
EBP=62.75
numVC=2
Hc=0
Hg=0
SPLmax=110.6
SPLmaxLF=91.67
USPL=95.8
alfaVC=0
Rt=0
Ct=0
gamma=86.94696
Rme=39.67965
Mpow=6.29918
Mcost=0
c=343.68
roo=1.20095
