[Driver]
Brand=JL Audio
Model=15W1-4
Manufacturer=
ProvidedBy=Janne Ahonen
Comment=
DateAdded=20020401
DateModified=20020401
Qts=0.396
Znom=4
Fs=23
Pe=150
SPL=91.9
Re=3.46
Le=0
fLe=0
KLe=0
BL=13.10291
Xmax=0.008
Cms=0.0003401
Qms=11.765
Qes=0.41
Rms=1.72922
Mms=0.1408
Sd=0.0823
Vas=0.3268
Dia=0
Vd=0.000658
no=0.009431
Dd=0.3237
EBP=56.1
numVC=1
Hc=0
Hg=0
SPLmax=110.66
SPLmaxLF=96.93
USPL=95.54
alfaVC=0
Rt=0
Ct=0
gamma=93.07481
Rme=49.62031
Mpow=7.04417
Mcost=0
c=343.68
roo=1.20095
