[Driver]
Brand=JL Audio
Model=15W3-D4
Manufacturer=
ProvidedBy=Janne Ahonen
Comment=
DateAdded=20020406
DateModified=20020406
Qts=0.41
Znom=2
Fs=21.8
Pe=400
SPL=89.63
Re=1.665
Le=0
fLe=0
KLe=0
BL=10.67154
Xmax=0.0171
Cms=0.0002482
Qms=8.854
Qes=0.43
Rms=3.32176
Mms=0.2147
Sd=0.0823
Vas=0.2385
Dia=0
Vd=0.001407
no=0.005588
Dd=0.3237
EBP=50.7
numVC=2
Hc=0
Hg=0
SPLmax=112.65
SPLmaxLF=103.53
USPL=96.45
alfaVC=0
Rt=0
Ct=0
gamma=49.69985
Rme=68.39745
Mpow=8.27028
Mcost=0
c=343.68
roo=1.20095
