[Driver]
Brand=JL Audio
Model=15W4-D4
Manufacturer=
ProvidedBy=Janne Ahonen
Comment=
DateAdded=20020406
DateModified=20020406
Qts=0.367
Znom=2
Fs=19.5
Pe=200
SPL=90.43
Re=1.603
Le=0
fLe=0
KLe=0
BL=9.86442
Xmax=0.0102
Cms=0.000352
Qms=9.37
Qes=0.382
Rms=2.47476
Mms=0.1893
Sd=0.0845
Vas=0.3565
Dia=0
Vd=0.000862
no=0.00673
Dd=0.328
EBP=51.05
numVC=2
Hc=0
Hg=0
SPLmax=110.44
SPLmaxLF=99.27
USPL=97.42
alfaVC=0
Rt=0
Ct=0
gamma=52.12105
Rme=60.70291
Mpow=7.79121
Mcost=0
c=343.68
roo=1.20095
