[Driver]
Brand=JL Audio
Model=10W0-4
Manufacturer=
ProvidedBy=Janne Ahonen
Comment=
DateAdded=20020401
DateModified=20020401
Qts=0.4
Znom=4
Fs=24.2
Pe=125
SPL=85.73
Re=3.86
Le=0
fLe=0
KLe=0
BL=12.40747
Xmax=0.0086
Cms=0.0003926
Qms=8.56
Qes=0.42
Rms=1.95684
Mms=0.1102
Sd=0.0353
Vas=0.0694
Dia=0
Vd=0.000304
no=0.002277
Dd=0.212
EBP=57.62
numVC=1
Hc=0
Hg=0
SPLmax=103.7
SPLmaxLF=90.21
USPL=88.9
alfaVC=0
Rt=0
Ct=0
gamma=112.62898
Rme=39.88218
Mpow=6.31523
Mcost=0
c=343.68
roo=1.20095
