[Driver]
Brand=JL Audio
Model=18W6
Manufacturer=
ProvidedBy=Janne Ahonen
Comment=
DateAdded=20020224
DateModified=20020224
Qts=0.384
Znom=8
Fs=20
Pe=500
SPL=89.09
Re=5.52
Le=0
fLe=0
KLe=0
BL=29.04883
Xmax=0.0127
Cms=0.0001295
Qms=8.74
Qes=0.402
Rms=7.03126
Mms=0.489
Sd=0.1178
Vas=0.2549
Dia=0
Vd=0.001496
no=0.004933
Dd=0.3873
EBP=49.75
numVC=2
Hc=0
Hg=0
SPLmax=113.08
SPLmaxLF=104.06
USPL=90.71
alfaVC=0
Rt=0
Ct=0
gamma=59.40106
Rme=152.8686
Mpow=12.364
Mcost=0
c=343.68
roo=1.20095
