[Driver]
Brand=JL Audio
Model=18W3-D4
Manufacturer=
ProvidedBy=Janne Ahonen
Comment=
DateAdded=20020406
DateModified=20020406
Qts=0.431
Znom=2
Fs=19.7
Pe=500
SPL=90.04
Re=1.635
Le=0
fLe=0
KLe=0
BL=12.53675
Xmax=0.0127
Cms=0.0001843
Qms=8.018
Qes=0.456
Rms=5.46702
Mms=0.3541
Sd=0.1201
Vas=0.3771
Dia=0
Vd=0.001525
no=0.006149
Dd=0.391
EBP=43.2
numVC=2
Hc=0
Hg=0
SPLmax=114.03
SPLmaxLF=104.23
USPL=96.94
alfaVC=0
Rt=0
Ct=0
gamma=35.40089
Rme=96.12846
Mpow=9.80451
Mcost=0
c=343.68
roo=1.20095
