[Driver]
Brand=JL Audio
Model=8W0-4
Manufacturer=
ProvidedBy=Janne Ahonen
Comment=
DateAdded=20020401
DateModified=20020401
Qts=0.426
Znom=4
Fs=31.9
Pe=75
SPL=85.25
Re=3.3
Le=0
fLe=0
KLe=0
BL=9.2692
Xmax=0.0068
Cms=0.0004287
Qms=9.029
Qes=0.447
Rms=1.28896
Mms=0.0581
Sd=0.0218
Vas=0.0289
Dia=0
Vd=0.000148
no=0.002041
Dd=0.1666
EBP=71.36
numVC=1
Hc=0
Hg=0
SPLmax=101
SPLmaxLF=83.98
USPL=89.1
alfaVC=0
Rt=0
Ct=0
gamma=159.63743
Rme=26.03578
Mpow=5.10253
Mcost=0
c=343.68
roo=1.20095
