[Driver]
Brand=JL Audio
Model=10W6
Manufacturer=
ProvidedBy=Janne Ahonen
Comment=
DateAdded=20020224
DateModified=20020224
Qts=0.433
Znom=4
Fs=23.2
Pe=300
SPL=84.48
Re=2.7
Le=0
fLe=0
KLe=0
BL=10.2155
Xmax=0.0119
Cms=0.0003833
Qms=6.567
Qes=0.463
Rms=2.72502
Mms=0.1228
Sd=0.0346
Vas=0.0651
Dia=0
Vd=0.000412
no=0.001708
Dd=0.2099
EBP=50.11
numVC=2
Hc=0
Hg=0
SPLmax=106.25
SPLmaxLF=92.86
USPL=89.2
alfaVC=0
Rt=0
Ct=0
gamma=83.21293
Rme=38.65056
Mpow=6.21696
Mcost=0
c=343.68
roo=1.20095
