[Driver]
Brand=JL Audio
Model=10W4-D4
Manufacturer=
ProvidedBy=Janne Ahonen
Comment=
DateAdded=20020406
DateModified=20020406
Qts=0.41
Znom=2
Fs=25.3
Pe=200
SPL=86.41
Re=1.73
Le=0
fLe=0
KLe=0
BL=7.34145
Xmax=0.0103
Cms=0.0004487
Qms=4.604
Qes=0.45
Rms=3.04505
Mms=0.0882
Sd=0.0346
Vas=0.0762
Dia=0
Vd=0.000356
no=0.002667
Dd=0.2099
EBP=56.22
numVC=2
Hc=0
Hg=0
SPLmax=106.42
SPLmaxLF=91.6
USPL=93.07
alfaVC=0
Rt=0
Ct=0
gamma=83.24383
Rme=31.15428
Mpow=5.5816
Mcost=0
c=343.68
roo=1.20095
