[Driver]
Brand=JL Audio
Model=8W1-8
Manufacturer=
ProvidedBy=Janne Ahonen
Comment=
DateAdded=20020401
DateModified=20020401
Qts=0.388
Znom=8
Fs=35.7
Pe=100
SPL=85.89
Re=6.89
Le=0
fLe=0
KLe=0
BL=13.66379
Xmax=0.0072
Cms=0.0003974
Qms=6.247
Qes=0.414
Rms=1.79578
Mms=0.05
Sd=0.0198
Vas=0.0221
Dia=0
Vd=0.000143
no=0.002362
Dd=0.1588
EBP=86.23
numVC=1
Hc=0
Hg=0
SPLmax=102.89
SPLmaxLF=83.64
USPL=86.54
alfaVC=0
Rt=0
Ct=0
gamma=273.2095
Rme=27.09712
Mpow=5.20549
Mcost=0
c=343.68
roo=1.20095
