[Driver]
Brand=JL Audio
Model=15W3-D2
Manufacturer=
ProvidedBy=Janne Ahonen
Comment=
DateAdded=20020406
DateModified=20020406
Qts=0.434
Znom=1
Fs=21.3
Pe=400
SPL=89.07
Re=0.835
Le=0
fLe=0
KLe=0
BL=7.42426
Xmax=0.0171
Cms=0.0002482
Qms=8.854
Qes=0.456
Rms=3.39974
Mms=0.2249
Sd=0.0823
Vas=0.2385
Dia=0
Vd=0.001407
no=0.004915
Dd=0.3237
EBP=46.71
numVC=2
Hc=0
Hg=0
SPLmax=112.09
SPLmaxLF=103.53
USPL=98.89
alfaVC=0
Rt=0
Ct=0
gamma=33.00864
Rme=66.01162
Mpow=8.12475
Mcost=0
c=343.68
roo=1.20095
