[Driver]
Brand=JL Audio
Model=12W5-D8
Manufacturer=
ProvidedBy=Janne Ahonen
Comment=
DateAdded=20020406
DateModified=20020406
Qts=0.551
Znom=4
Fs=32.2
Pe=250
SPL=88.92
Re=3.49
Le=0
fLe=0
KLe=0
BL=10.62452
Xmax=0.0071
Cms=0.0002481
Qms=5.225
Qes=0.616
Rms=3.81318
Mms=0.0985
Sd=0.0506
Vas=0.0901
Dia=0
Vd=0.000359
no=0.004749
Dd=0.2538
EBP=52.27
numVC=2
Hc=0
Hg=0
SPLmax=109.9
SPLmaxLF=91.67
USPL=92.53
alfaVC=0
Rt=0
Ct=0
gamma=107.8875
Rme=32.34396
Mpow=5.68718
Mcost=0
c=343.68
roo=1.20095
