[Driver]
Brand=JL Audio
Model=15W0-8
Manufacturer=
ProvidedBy=Janne Ahonen
Comment=
DateAdded=20020401
DateModified=20020401
Qts=0.405
Znom=8
Fs=18.6
Pe=150
SPL=89.42
Re=7.57
Le=0
fLe=0
KLe=0
BL=20.77078
Xmax=0.0086
Cms=0.0003575
Qms=11.29
Qes=0.42
Rms=2.12014
Mms=0.2048
Sd=0.084
Vas=0.3578
Dia=0
Vd=0.000722
no=0.005331
Dd=0.327
EBP=44.29
numVC=1
Hc=0
Hg=0
SPLmax=108.18
SPLmaxLF=97.74
USPL=89.66
alfaVC=0
Rt=0
Ct=0
gamma=101.41138
Rme=56.99143
Mpow=7.54927
Mcost=0
c=343.68
roo=1.20095
