[Driver]
Brand=JL Audio
Model=8W2
Manufacturer=
ProvidedBy=Janne Ahonen
Comment=
DateAdded=20020401
DateModified=20020401
Qts=0.49
Znom=4
Fs=36.2
Pe=75
SPL=88.02
Re=3.65
Le=0
fLe=0
KLe=0
BL=6.35431
Xmax=0.0048
Cms=0.0007732
Qms=10.704
Qes=0.514
Rms=0.5312
Mms=0.025
Sd=0.0198
Vas=0.043
Dia=0
Vd=9.5E-5
no=0.003859
Dd=0.1588
EBP=70.43
numVC=1
Hc=0
Hg=0
SPLmax=103.77
SPLmaxLF=80.12
USPL=91.43
alfaVC=0
Rt=0
Ct=0
gamma=254.18496
Rme=11.06226
Mpow=3.326
Mcost=0
c=343.68
roo=1.20095
