[Driver]
Brand=JL Audio
Model=8W0-8
Manufacturer=
ProvidedBy=Janne Ahonen
Comment=
DateAdded=20020401
DateModified=20020401
Qts=0.544
Znom=8
Fs=32.2
Pe=75
SPL=84.25
Re=6.4
Le=0
fLe=0
KLe=0
BL=11.28904
Xmax=0.0074
Cms=0.0004287
Qms=9.029
Qes=0.579
Rms=1.27695
Mms=0.057
Sd=0.0218
Vas=0.0289
Dia=0
Vd=0.000161
no=0.001621
Dd=0.1666
EBP=55.61
numVC=1
Hc=0
Hg=0
SPLmax=100
SPLmaxLF=84.72
USPL=85.22
alfaVC=0
Rt=0
Ct=0
gamma=198.09797
Rme=19.91289
Mpow=4.46239
Mcost=0
c=343.68
roo=1.20095
