[Driver]
Brand=JL Audio
Model=15W1-8
Manufacturer=
ProvidedBy=Janne Ahonen
Comment=
DateAdded=20020401
DateModified=20020401
Qts=0.374
Znom=8
Fs=21.3
Pe=150
SPL=91.43
Re=6.89
Le=0
fLe=0
KLe=0
BL=19.04433
Xmax=0.008
Cms=0.0003649
Qms=9.789
Qes=0.389
Rms=2.09182
Mms=0.153
Sd=0.0823
Vas=0.3506
Dia=0
Vd=0.000658
no=0.00847
Dd=0.3237
EBP=54.76
numVC=1
Hc=0
Hg=0
SPLmax=110.19
SPLmaxLF=96.93
USPL=92.08
alfaVC=0
Rt=0
Ct=0
gamma=124.46963
Rme=52.63955
Mpow=7.25531
Mcost=0
c=343.68
roo=1.20095
