[Driver]
Brand=JL Audio
Model=12W6
Manufacturer=
ProvidedBy=Janne Ahonen
Comment=
DateAdded=20020224
DateModified=20020224
Qts=0.433
Znom=3
Fs=20.9
Pe=300
SPL=87.09
Re=2.7
Le=0
fLe=0
KLe=0
BL=10.49221
Xmax=0.0111
Cms=0.0004043
Qms=6.897
Qes=0.462
Rms=2.73119
Mms=0.1434
Sd=0.0532
Vas=0.1623
Dia=0
Vd=0.000591
no=0.003119
Dd=0.2603
EBP=45.24
numVC=2
Hc=0
Hg=0
SPLmax=108.86
SPLmaxLF=95.99
USPL=91.81
alfaVC=0
Rt=0
Ct=0
gamma=73.14439
Rme=40.77276
Mpow=6.38535
Mcost=0
c=343.68
roo=1.20095
