[Driver]
Brand=JL Audio
Model=12W0-4
Manufacturer=
ProvidedBy=Janne Ahonen
Comment=
DateAdded=20020401
DateModified=20020401
Qts=0.429
Znom=4
Fs=22.1
Pe=125
SPL=87.86
Re=3.86
Le=0
fLe=0
KLe=0
BL=12.41282
Xmax=0.0086
Cms=0.0004
Qms=8.974
Qes=0.451
Rms=2.00606
Mms=0.1296
Sd=0.0531
Vas=0.16
Dia=0
Vd=0.000457
no=0.003724
Dd=0.26
EBP=49
numVC=1
Hc=0
Hg=0
SPLmax=105.83
SPLmaxLF=93.76
USPL=91.03
alfaVC=0
Rt=0
Ct=0
gamma=95.74417
Rme=39.91663
Mpow=6.31796
Mcost=0
c=343.68
roo=1.20095
