[Driver]
Brand=JL Audio
Model=18W3-D2
Manufacturer=
ProvidedBy=Janne Ahonen
Comment=
DateAdded=20020406
DateModified=20020406
Qts=0.39
Znom=1
Fs=19
Pe=500
SPL=90.05
Re=0.84
Le=0
fLe=0
KLe=0
BL=9.67329
Xmax=0.0127
Cms=0.0001843
Qms=8.758
Qes=0.408
Rms=5.18949
Mms=0.3807
Sd=0.1201
Vas=0.3771
Dia=0
Vd=0.001525
no=0.006165
Dd=0.391
EBP=46.57
numVC=2
Hc=0
Hg=0
SPLmax=114.04
SPLmaxLF=104.23
USPL=99.84
alfaVC=0
Rt=0
Ct=0
gamma=25.40846
Rme=111.39592
Mpow=10.55443
Mcost=0
c=343.68
roo=1.20095
