[Driver]
Brand=JL Audio
Model=15W0-4
Manufacturer=
ProvidedBy=Janne Ahonen
Comment=
DateAdded=20020401
DateModified=20020401
Qts=0.389
Znom=4
Fs=19.2
Pe=150
SPL=90.02
Re=3.97
Le=0
fLe=0
KLe=0
BL=15.11395
Xmax=0.0086
Cms=0.0003575
Qms=11.29
Qes=0.403
Rms=2.05389
Mms=0.1922
Sd=0.084
Vas=0.3578
Dia=0
Vd=0.000722
no=0.006111
Dd=0.327
EBP=47.64
numVC=1
Hc=0
Hg=0
SPLmax=108.78
SPLmaxLF=97.74
USPL=93.07
alfaVC=0
Rt=0
Ct=0
gamma=78.63005
Rme=57.53943
Mpow=7.58547
Mcost=0
c=343.68
roo=1.20095
