[Driver]
Brand=JL Audio
Model=10W1-8
Manufacturer=
ProvidedBy=Janne Ahonen
Comment=
DateAdded=20020401
DateModified=20020401
Qts=0.407
Znom=8
Fs=23.5
Pe=125
SPL=86.27
Re=7.03
Le=0
fLe=0
KLe=0
BL=14.02965
Xmax=0.008
Cms=0.0005586
Qms=6.74
Qes=0.433
Rms=1.79873
Mms=0.0821
Sd=0.0334
Vas=0.0884
Dia=0
Vd=0.000267
no=0.002577
Dd=0.2062
EBP=54.27
numVC=1
Hc=0
Hg=0
SPLmax=104.24
SPLmaxLF=89.1
USPL=86.84
alfaVC=0
Rt=0
Ct=0
gamma=170.87096
Rme=27.99874
Mpow=5.29138
Mcost=0
c=343.68
roo=1.20095
