[Driver]
Brand=JL Audio
Model=8W3-D4
Manufacturer=
ProvidedBy=Janne Ahonen
Comment=
DateAdded=20020406
DateModified=20020406
Qts=0.48
Znom=2
Fs=35.3
Pe=125
SPL=84.84
Re=1.64
Le=0
fLe=0
KLe=0
BL=6.44653
Xmax=0.0099
Cms=0.0003448
Qms=6.85
Qes=0.516
Rms=1.90883
Mms=0.059
Sd=0.0214
Vas=0.0224
Dia=0
Vd=0.000212
no=0.001857
Dd=0.1651
EBP=68.41
numVC=2
Hc=0
Hg=0
SPLmax=102.81
SPLmaxLF=87.09
USPL=91.73
alfaVC=0
Rt=0
Ct=0
gamma=109.35092
Rme=25.34012
Mpow=5.0339
Mcost=0
c=343.68
roo=1.20095
