[Driver]
Brand=JL Audio
Model=12W4-4
Manufacturer=
ProvidedBy=Janne Ahonen
Comment=
DateAdded=20020406
DateModified=20020406
Qts=0.395
Znom=4
Fs=23.2
Pe=200
SPL=88.44
Re=3.13
Le=0
fLe=0
KLe=0
BL=11.92997
Xmax=0.0102
Cms=0.0003627
Qms=7.898
Qes=0.416
Rms=2.39503
Mms=0.1298
Sd=0.0532
Vas=0.1456
Dia=0
Vd=0.000543
no=0.00425
Dd=0.2603
EBP=55.77
numVC=1
Hc=0
Hg=0
SPLmax=108.45
SPLmaxLF=95.25
USPL=92.52
alfaVC=0
Rt=0
Ct=0
gamma=91.93473
Rme=45.47096
Mpow=6.74322
Mcost=0
c=343.68
roo=1.20095
