[Driver]
Brand=JL Audio
Model=10W0-8
Manufacturer=
ProvidedBy=Janne Ahonen
Comment=
DateAdded=20020401
DateModified=20020401
Qts=0.394
Znom=8
Fs=25.6
Pe=125
SPL=86.53
Re=6.43
Le=0
fLe=0
KLe=0
BL=15.70118
Xmax=0.0086
Cms=0.0003926
Qms=8.56
Qes=0.413
Rms=1.84982
Mms=0.0984
Sd=0.0353
Vas=0.0694
Dia=0
Vd=0.000304
no=0.002742
Dd=0.212
EBP=61.99
numVC=1
Hc=0
Hg=0
SPLmax=104.5
SPLmaxLF=90.21
USPL=87.48
alfaVC=0
Rt=0
Ct=0
gamma=159.49553
Rme=38.34012
Mpow=6.19194
Mcost=0
c=343.68
roo=1.20095
