[Driver]
Brand=JL Audio
Model=12W3-D2
Manufacturer=
ProvidedBy=Janne Ahonen
Comment=
DateAdded=20020406
DateModified=20020406
Qts=0.476
Znom=1
Fs=26.7
Pe=250
SPL=87.46
Re=0.925
Le=0
fLe=0
KLe=0
BL=6.78857
Xmax=0.013
Cms=0.0002365
Qms=8.103
Qes=0.506
Rms=3.11114
Mms=0.1503
Sd=0.0526
Vas=0.0928
Dia=0
Vd=0.000684
no=0.003395
Dd=0.2588
EBP=52.77
numVC=1
Hc=0
Hg=0
SPLmax=108.44
SPLmaxLF=97.26
USPL=96.83
alfaVC=0
Rt=0
Ct=0
gamma=45.17559
Rme=49.82133
Mpow=7.05842
Mcost=0
c=343.68
roo=1.20095
