[Driver]
Brand=JL Audio
Model=6W0-4
Manufacturer=
ProvidedBy=Janne Ahonen
Comment=
DateAdded=20020401
DateModified=20020401
Qts=0.476
Znom=4
Fs=36.7
Pe=75
SPL=81.82
Re=3.42
Le=0
fLe=0
KLe=0
BL=8.872
Xmax=0.0076
Cms=0.0003746
Qms=9.028
Qes=0.503
Rms=1.28231
Mms=0.0502
Sd=0.0135
Vas=0.00968435240848712
Dia=0
Vd=0.000103
no=0.000926
Dd=0.1311
EBP=72.96
numVC=1
Hc=0
Hg=0
SPLmax=97.57
SPLmaxLF=80.79
USPL=85.52
alfaVC=0
Rt=0
Ct=0
gamma=176.73297
Rme=23.01529
Mpow=4.79743
Mcost=0
c=343.68
roo=1.20095
