[Driver]
Brand=JL Audio
Model=13W7
Manufacturer=
ProvidedBy=Janne Ahonen
Comment=
DateAdded=20020224
DateModified=20020224
Qts=0.448
Znom=1
Fs=23.45
Pe=1000
SPL=86.54
Re=0.602
Le=0
fLe=0
KLe=0
BL=7.48793
Xmax=0.0318
Cms=0.0001531
Qms=7.517
Qes=0.476
Rms=5.8978
Mms=0.3009
Sd=0.0693
Vas=0.10429
Dia=0
Vd=0.0022
no=0.002748
Dd=0.297
EBP=49.26
numVC=2
Hc=0
Hg=0
SPLmax=113.54
SPLmaxLF=107.41
USPL=97.78
alfaVC=0
Rt=0
Ct=0
gamma=24.88572
Rme=93.13814
Mpow=9.65081
Mcost=0
c=343.68
roo=1.20095
