[Driver]
Brand=JL Audio
Model=10W3-D6
Manufacturer=
ProvidedBy=Janne Ahonen
Comment=
DateAdded=20020406
DateModified=20020406
Qts=0.527
Znom=3
Fs=30.8
Pe=250
SPL=85.9
Re=2.745
Le=0
fLe=0
KLe=0
BL=9.5236
Xmax=0.013
Cms=0.0002778
Qms=8.26
Qes=0.563
Rms=2.2521
Mms=0.0961
Sd=0.0345
Vas=0.0469
Dia=0
Vd=0.000449
no=0.002367
Dd=0.2096
EBP=54.71
numVC=2
Hc=0
Hg=0
SPLmax=106.88
SPLmaxLF=93.6
USPL=90.55
alfaVC=0
Rt=0
Ct=0
gamma=99.07486
Rme=33.0415
Mpow=5.74817
Mcost=0
c=343.68
roo=1.20095
