[Driver]
Brand=JL Audio
Model=8W6
Manufacturer=
ProvidedBy=Janne Ahonen
Comment=
DateAdded=20020224
DateModified=20020224
Qts=0.468
Znom=3
Fs=32.5
Pe=200
SPL=83.81
Re=2.65
Le=0
fLe=0
KLe=0
BL=7.94033
Xmax=0.0099
Cms=0.0004028
Qms=5.5
Qes=0.511
Rms=2.2105
Mms=0.0595
Sd=0.0198
Vas=0.0224
Dia=0
Vd=0.000196
no=0.001463
Dd=0.1588
EBP=63.6
numVC=2
Hc=0
Hg=0
SPLmax=103.82
SPLmaxLF=86.41
USPL=88.61
alfaVC=0
Rt=0
Ct=0
gamma=133.36732
Rme=23.79204
Mpow=4.87771
Mcost=0
c=343.68
roo=1.20095
