[Driver]
Brand=JL Audio
Model=12W0-12
Manufacturer=
ProvidedBy=Janne Ahonen
Comment=
DateAdded=20020401
DateModified=20020401
Qts=0.449
Znom=12
Fs=21.8
Pe=125
SPL=87.48
Re=10.39
Le=0
fLe=0
KLe=0
BL=20.02213
Xmax=0.0086
Cms=0.0004
Qms=8.974
Qes=0.473
Rms=2.03367
Mms=0.1332
Sd=0.0531
Vas=0.16
Dia=0
Vd=0.000457
no=0.003408
Dd=0.26
EBP=46.09
numVC=1
Hc=0
Hg=0
SPLmax=105.45
SPLmaxLF=93.76
USPL=86.35
alfaVC=0
Rt=0
Ct=0
gamma=150.27284
Rme=38.5838
Mpow=6.21159
Mcost=0
c=343.68
roo=1.20095
