[Driver]
Brand=JL Audio
Model=10W0-12
Manufacturer=
ProvidedBy=Janne Ahonen
Comment=
DateAdded=20020401
DateModified=20020401
Qts=0.418
Znom=12
Fs=23.9
Pe=125
SPL=85.36
Re=10.39
Le=0
fLe=0
KLe=0
BL=20.01263
Xmax=0.0086
Cms=0.0003926
Qms=8.56
Qes=0.44
Rms=1.9814
Mms=0.1129
Sd=0.0353
Vas=0.0694
Dia=0
Vd=0.000304
no=0.002094
Dd=0.212
EBP=54.32
numVC=1
Hc=0
Hg=0
SPLmax=103.33
SPLmaxLF=90.21
USPL=84.23
alfaVC=0
Rt=0
Ct=0
gamma=177.18885
Rme=38.54721
Mpow=6.20864
Mcost=0
c=343.68
roo=1.20095
