[Driver]
Brand=JL Audio
Model=8W3
Manufacturer=
ProvidedBy=Janne Ahonen
Comment=
DateAdded=20020406
DateModified=20020406
Qts=0.313
Znom=4
Fs=29.2
Pe=125
SPL=87.68
Re=3.82
Le=0
fLe=0
KLe=0
BL=7.89709
Xmax=0.0052
Cms=0.0009405
Qms=2.612
Qes=0.355
Rms=2.21884
Mms=0.0316
Sd=0.0198
Vas=0.0523
Dia=0
Vd=0.000103
no=0.003567
Dd=0.1588
EBP=82.25
numVC=1
Hc=0
Hg=0
SPLmax=105.65
SPLmaxLF=80.82
USPL=90.9
alfaVC=0
Rt=0
Ct=0
gamma=249.99454
Rme=16.32567
Mpow=4.0405
Mcost=0
c=343.68
roo=1.20095
