[Driver]
Brand=JL Audio
Model=12W3-D6
Manufacturer=
ProvidedBy=Janne Ahonen
Comment=
DateAdded=20020406
DateModified=20020406
Qts=0.491
Znom=3
Fs=26.7
Pe=250
SPL=87.32
Re=2.595
Le=0
fLe=0
KLe=0
BL=11.18409
Xmax=0.012
Cms=0.0002365
Qms=8.103
Qes=0.523
Rms=3.11114
Mms=0.1503
Sd=0.0526
Vas=0.0928
Dia=0
Vd=0.000631
no=0.003285
Dd=0.2588
EBP=51.05
numVC=2
Hc=0
Hg=0
SPLmax=108.3
SPLmaxLF=96.57
USPL=92.21
alfaVC=0
Rt=0
Ct=0
gamma=74.42624
Rme=48.2019
Mpow=6.94276
Mcost=0
c=343.68
roo=1.20095
