[Driver]
Brand=JL Audio
Model=12W1-4
Manufacturer=
ProvidedBy=Janne Ahonen
Comment=
DateAdded=20020401
DateModified=20020401
Qts=0.487
Znom=4
Fs=22.3
Pe=125
SPL=87.8
Re=3.65
Le=0
fLe=0
KLe=0
BL=10.18131
Xmax=0.008
Cms=0.0004851
Qms=8.255
Qes=0.518
Rms=1.78208
Mms=0.105
Sd=0.0506
Vas=0.1762
Dia=0
Vd=0.000405
no=0.003668
Dd=0.2538
EBP=43.05
numVC=1
Hc=0
Hg=0
SPLmax=105.77
SPLmaxLF=92.71
USPL=91.21
alfaVC=0
Rt=0
Ct=0
gamma=96.97156
Rme=28.39972
Mpow=5.32914
Mcost=0
c=343.68
roo=1.20095
