[Driver]
Brand=JL Audio
Model=10W5-D4
Manufacturer=
ProvidedBy=Janne Ahonen
Comment=
DateAdded=20020406
DateModified=20020406
Qts=0.384
Znom=2
Fs=31.7
Pe=250
SPL=87.58
Re=1.93
Le=0
fLe=0
KLe=0
BL=9.17614
Xmax=0.0075
Cms=0.0002863
Qms=8.576
Qes=0.402
Rms=2.04505
Mms=0.0881
Sd=0.0334
Vas=0.0453
Dia=0
Vd=0.00025
no=0.003491
Dd=0.2062
EBP=78.86
numVC=2
Hc=0
Hg=0
SPLmax=108.56
SPLmaxLF=88.54
USPL=93.76
alfaVC=0
Rt=0
Ct=0
gamma=104.2102
Rme=43.62777
Mpow=6.60513
Mcost=0
c=343.68
roo=1.20095
