[Driver]
Brand=JL Audio
Model=12W3-D4
Manufacturer=
ProvidedBy=Janne Ahonen
Comment=
DateAdded=20020406
DateModified=20020406
Qts=0.449
Znom=2
Fs=26.1
Pe=250
SPL=87.44
Re=1.808
Le=0
fLe=0
KLe=0
BL=9.90765
Xmax=0.0117
Cms=0.0002365
Qms=8.103
Qes=0.475
Rms=3.18266
Mms=0.1573
Sd=0.0526
Vas=0.0928
Dia=0
Vd=0.000615
no=0.003378
Dd=0.2588
EBP=54.95
numVC=2
Hc=0
Hg=0
SPLmax=108.42
SPLmaxLF=96.35
USPL=93.9
alfaVC=0
Rt=0
Ct=0
gamma=63.00202
Rme=54.29289
Mpow=7.36837
Mcost=0
c=343.68
roo=1.20095
