[Driver]
Brand=JL Audio
Model=10W3-D2
Manufacturer=
ProvidedBy=Janne Ahonen
Comment=
DateAdded=20020406
DateModified=20020406
Qts=0.474
Znom=1
Fs=28.8
Pe=250
SPL=85.51
Re=0.825
Le=0
fLe=0
KLe=0
BL=5.71224
Xmax=0.0139
Cms=0.0002778
Qms=8.26
Qes=0.503
Rms=2.4085
Mms=0.1099
Sd=0.0345
Vas=0.0469
Dia=0
Vd=0.00048
no=0.002166
Dd=0.2096
EBP=57.26
numVC=2
Hc=0
Hg=0
SPLmax=106.49
SPLmaxLF=94.18
USPL=95.38
alfaVC=0
Rt=0
Ct=0
gamma=51.95796
Rme=39.55109
Mpow=6.28897
Mcost=0
c=343.68
roo=1.20095
