[Driver]
Brand=JL Audio
Model=10W5-D8
Manufacturer=
ProvidedBy=Janne Ahonen
Comment=
DateAdded=20020406
DateModified=20020406
Qts=0.412
Znom=4
Fs=31.2
Pe=250
SPL=87.92
Re=3.39
Le=0
fLe=0
KLe=0
BL=10.13453
Xmax=0.0071
Cms=0.0003684
Qms=4.206
Qes=0.457
Rms=3.29196
Mms=0.0706
Sd=0.0334
Vas=0.0583
Dia=0
Vd=0.000237
no=0.003768
Dd=0.2062
EBP=68.27
numVC=2
Hc=0
Hg=0
SPLmax=108.9
SPLmaxLF=88.06
USPL=91.65
alfaVC=0
Rt=0
Ct=0
gamma=143.48765
Rme=30.29753
Mpow=5.50432
Mcost=0
c=343.68
roo=1.20095
