[Driver]
Brand=JL Audio
Model=8W3-D6
Manufacturer=
ProvidedBy=Janne Ahonen
Comment=
DateAdded=20020406
DateModified=20020406
Qts=0.473
Znom=3
Fs=35.1
Pe=125
SPL=84.84
Re=2.695
Le=0
fLe=0
KLe=0
BL=8.35239
Xmax=0.0107
Cms=0.0003448
Qms=6.85
Qes=0.508
Rms=1.91971
Mms=0.0596
Sd=0.0214
Vas=0.0224
Dia=0
Vd=0.000229
no=0.001854
Dd=0.1651
EBP=69.09
numVC=2
Hc=0
Hg=0
SPLmax=102.81
SPLmaxLF=87.76
USPL=89.57
alfaVC=0
Rt=0
Ct=0
gamma=140.07851
Rme=25.88584
Mpow=5.08781
Mcost=0
c=343.68
roo=1.20095
