[Driver]
Brand=JL Audio
Model=12W1-8
Manufacturer=
ProvidedBy=Janne Ahonen
Comment=
DateAdded=20020401
DateModified=20020401
Qts=0.49
Znom=8
Fs=24
Pe=125
SPL=88.78
Re=7.03
Le=0
fLe=0
KLe=0
BL=13.56473
Xmax=0.008
Cms=0.0004882
Qms=8.897
Qes=0.519
Rms=1.52683
Mms=0.0901
Sd=0.0506
Vas=0.1773
Dia=0
Vd=0.000405
no=0.004593
Dd=0.2538
EBP=46.24
numVC=1
Hc=0
Hg=0
SPLmax=106.75
SPLmaxLF=92.71
USPL=89.35
alfaVC=0
Rt=0
Ct=0
gamma=150.58017
Rme=26.17383
Mpow=5.11604
Mcost=0
c=343.68
roo=1.20095
