[Driver]
Brand=JL Audio
Model=12W0-8
Manufacturer=
ProvidedBy=Janne Ahonen
Comment=
DateAdded=20020401
DateModified=20020401
Qts=0.426
Znom=8
Fs=23.2
Pe=125
SPL=88.54
Re=6.43
Le=0
fLe=0
KLe=0
BL=15.70613
Xmax=0
Cms=0.0004
Qms=8.974
Qes=0.447
Rms=1.91095
Mms=0.1176
Sd=0.0531
Vas=0.16
Dia=0
Vd=0
no=0.004347
Dd=0.26
EBP=51.9
numVC=1
Hc=0
Hg=0
SPLmax=106.51
SPLmaxLF=0
USPL=89.49
alfaVC=0
Rt=0
Ct=0
gamma=133.50645
Rme=38.36429
Mpow=6.19389
Mcost=0
c=343.68
roo=1.20095
