[Driver]
Brand=JL Audio
Model=8W0-12
Manufacturer=
ProvidedBy=Janne Ahonen
Comment=
DateAdded=20020401
DateModified=20020401
Qts=0.459
Znom=12
Fs=30.7
Pe=75
SPL=84.41
Re=10.23
Le=0
fLe=0
KLe=0
BL=15.98749
Xmax=0.007
Cms=0.0004287
Qms=9.029
Qes=0.484
Rms=1.33934
Mms=0.0627
Sd=0.0218
Vas=0.0289
Dia=0
Vd=0.000153
no=0.00168
Dd=0.1666
EBP=63.43
numVC=1
Hc=0
Hg=0
SPLmax=100.16
SPLmaxLF=84.24
USPL=83.35
alfaVC=0
Rt=0
Ct=0
gamma=255.01646
Rme=24.98532
Mpow=4.99853
Mcost=0
c=343.68
roo=1.20095
