[Driver]
Brand=JL Audio
Model=10W7
Manufacturer=
ProvidedBy=Janne Ahonen
Comment=
DateAdded=20020223
DateModified=20020223
Qts=0.537
Znom=4
Fs=30.6
Pe=500
SPL=84.56
Re=2.746
Le=0
fLe=0
KLe=0
BL=12.02714
Xmax=0.0229
Cms=0.0001708
Qms=7.647
Qes=0.578
Rms=3.98163
Mms=0.1584
Sd=0.0386
Vas=0.0361
Dia=0
Vd=0.000884
no=0.001741
Dd=0.2217
EBP=52.94
numVC=1
Hc=0
Hg=0
SPLmax=108.55
SPLmaxLF=99.49
USPL=89.21
alfaVC=0
Rt=0
Ct=0
gamma=75.92892
Rme=52.67739
Mpow=7.25792
Mcost=0
c=343.68
roo=1.20095
