[Driver]
Brand=JL Audio
Model=15W4-D2
Manufacturer=
ProvidedBy=Janne Ahonen
Comment=
DateAdded=20020406
DateModified=20020406
Qts=0.371
Znom=1
Fs=19.2
Pe=200
SPL=89.98
Re=0.83
Le=0
fLe=0
KLe=0
BL=7.26993
Xmax=0.0102
Cms=0.0003364
Qms=8.738
Qes=0.387
Rms=2.82021
Mms=0.2043
Sd=0.0845
Vas=0.3407
Dia=0
Vd=0.000862
no=0.00606
Dd=0.328
EBP=49.61
numVC=2
Hc=0
Hg=0
SPLmax=109.99
SPLmaxLF=99.27
USPL=99.82
alfaVC=0
Rt=0
Ct=0
gamma=35.58917
Rme=63.67701
Mpow=7.97979
Mcost=0
c=343.68
roo=1.20095
