[Driver]
Brand=JL Audio
Model=15W5
Manufacturer=
ProvidedBy=Janne Ahonen
Comment=
DateAdded=20020406
DateModified=20020406
Qts=0.468
Znom=4
Fs=19.8
Pe=250
SPL=90.82
Re=3.49
Le=0
fLe=0
KLe=0
BL=10.2499
Xmax=0.0071
Cms=0.0005205
Qms=5.334
Qes=0.513
Rms=2.8952
Mms=0.1241
Sd=0.0823
Vas=0.5001
Dia=0
Vd=0.000584
no=0.007359
Dd=0.3237
EBP=38.6
numVC=2
Hc=0
Hg=0
SPLmax=111.8
SPLmaxLF=95.9
USPL=94.43
alfaVC=0
Rt=0
Ct=0
gamma=82.57213
Rme=30.10328
Mpow=5.48665
Mcost=0
c=343.68
roo=1.20095
