[Driver]
Brand=JL Audio
Model=10W3-D4
Manufacturer=
ProvidedBy=Janne Ahonen
Comment=
DateAdded=20020406
DateModified=20020406
Qts=0.512
Znom=2
Fs=29.7
Pe=250
SPL=85.56
Re=1.705
Le=0
fLe=0
KLe=0
BL=7.76153
Xmax=0.0147
Cms=0.0002778
Qms=8.26
Qes=0.546
Rms=2.33551
Mms=0.1034
Sd=0.0345
Vas=0.0469
Dia=0
Vd=0.000507
no=0.002188
Dd=0.2096
EBP=54.4
numVC=2
Hc=0
Hg=0
SPLmax=106.54
SPLmaxLF=94.67
USPL=92.28
alfaVC=0
Rt=0
Ct=0
gamma=75.07943
Rme=35.33213
Mpow=5.94408
Mcost=0
c=343.68
roo=1.20095
