[Driver]
Brand=JL Audio
Model=8W3-D2
Manufacturer=
ProvidedBy=Janne Ahonen
Comment=
DateAdded=20020406
DateModified=20020406
Qts=0.403
Znom=1
Fs=34.3
Pe=125
SPL=85.28
Re=0.848
Le=0
fLe=0
KLe=0
BL=5.16352
Xmax=0.0099
Cms=0.0003448
Qms=6.85
Qes=0.428
Rms=1.96448
Mms=0.0624
Sd=0.0214
Vas=0.0224
Dia=0
Vd=0.000212
no=0.002054
Dd=0.1651
EBP=80.14
numVC=2
Hc=0
Hg=0
SPLmax=103.25
SPLmaxLF=87.09
USPL=95.03
alfaVC=0
Rt=0
Ct=0
gamma=82.69524
Rme=31.44092
Mpow=5.60722
Mcost=0
c=343.68
roo=1.20095
