[Driver]
Brand=JL Audio
Model=8W1-4
Manufacturer=
ProvidedBy=Janne Ahonen
Comment=
DateAdded=20020401
DateModified=20020401
Qts=0.344
Znom=4
Fs=33.2
Pe=100
SPL=86.23
Re=3.34
Le=0
fLe=0
KLe=0
BL=9.91772
Xmax=0.0072
Cms=0.0004585
Qms=11.5
Qes=0.355
Rms=0.90909
Mms=0.0501
Sd=0.0198
Vas=0.0255
Dia=0
Vd=0.000143
no=0.002556
Dd=0.1588
EBP=93.52
numVC=1
Hc=0
Hg=0
SPLmax=103.23
SPLmaxLF=83.64
USPL=90.03
alfaVC=0
Rt=0
Ct=0
gamma=197.89014
Rme=29.44946
Mpow=5.42674
Mcost=0
c=343.68
roo=1.20095
