[Driver]
Brand=JL Audio
Model=6W0-8
Manufacturer=
ProvidedBy=Janne Ahonen
Comment=
DateAdded=20020401
DateModified=20020401
Qts=0.471
Znom=8
Fs=38.8
Pe=75
SPL=82.57
Re=7.28
Le=0
fLe=0
KLe=0
BL=12.62671
Xmax=0.0071
Cms=0.0003746
Qms=8.059
Qes=0.5
Rms=1.35874
Mms=0.0449
Sd=0.0135
Vas=0.00968435240848712
Dia=0
Vd=9.6E-5
no=0.0011
Dd=0.1311
EBP=77.6
numVC=1
Hc=0
Hg=0
SPLmax=98.32
SPLmaxLF=80.2
USPL=82.98
alfaVC=0
Rt=0
Ct=0
gamma=281.11426
Rme=21.90024
Mpow=4.67977
Mcost=0
c=343.68
roo=1.20095
