[Driver]
Brand=JL Audio
Model=15W6
Manufacturer=
ProvidedBy=Janne Ahonen
Comment=
DateAdded=20020224
DateModified=20020224
Qts=0.312
Znom=6
Fs=16.3
Pe=400
SPL=88.17
Re=2.72
Le=0
fLe=0
KLe=0
BL=16.39029
Xmax=0.0107
Cms=0.0003042
Qms=7.817
Qes=0.325
Rms=4.10627
Mms=0.3134
Sd=0.0845
Vas=0.3081
Dia=0
Vd=0.000904
no=0.003993
Dd=0.328
EBP=50.15
numVC=1
Hc=0
Hg=0
SPLmax=111.19
SPLmaxLF=99.69
USPL=92.86
alfaVC=0
Rt=0
Ct=0
gamma=52.29575
Rme=98.76529
Mpow=9.93807
Mcost=0
c=343.68
roo=1.20095
