[Driver]
Brand=Kicker
Model=S12L72
Manufacturer=
ProvidedBy=Janne Ahonen
Comment=
DateAdded=20020324
DateModified=20020324
Qts=0.561
Znom=2
Fs=31.2
Pe=750
SPL=87.51
Re=0.906
Le=0.00194
fLe=0
KLe=0
BL=8.1765
Xmax=0.0132
Cms=0.0001166
Qms=10.319
Qes=0.593
Rms=4.23835
Mms=0.2231
Sd=0.0645
Vas=0.06887
Dia=0
Vd=0.000851
no=0.00343
Dd=0.2866
EBP=52.61
numVC=2
Hc=0
Hg=0
SPLmax=113.26
SPLmaxLF=99.17
USPL=96.97
alfaVC=0
Rt=0
Ct=0
gamma=36.64948
Rme=73.75294
Mpow=8.58795
Mcost=0
c=343.68
roo=1.20095
