[Driver]
Brand=Kicker
Model=S10L72
Manufacturer=
ProvidedBy=Janne Ahonen
Comment=
DateAdded=20020324
DateModified=20020324
Qts=0.497
Znom=2
Fs=32.5
Pe=600
SPL=85.67
Re=0.91
Le=0.00196
fLe=0
KLe=0
BL=8.164
Xmax=0.0132
Cms=0.0001283
Qms=10.675
Qes=0.521
Rms=3.57524
Mms=0.1869
Sd=0.0439
Vas=0.03507
Dia=0
Vd=0.000579
no=0.002247
Dd=0.2364
EBP=62.38
numVC=2
Hc=0
Hg=0
SPLmax=110.45
SPLmaxLF=95.83
USPL=95.12
alfaVC=0
Rt=0
Ct=0
gamma=43.68111
Rme=73.25458
Mpow=8.55889
Mcost=0
c=343.68
roo=1.20095
