[Driver]
Brand=Kicker
Model=S15L72
Manufacturer=
ProvidedBy=Janne Ahonen
Comment=
DateAdded=20020324
DateModified=20020324
Qts=0.498
Znom=2
Fs=22.6
Pe=1000
SPL=88.6
Re=0.891
Le=0.00238
fLe=0
KLe=0
BL=9.674
Xmax=0.0163
Cms=0.0001291
Qms=12.452
Qes=0.519
Rms=4.3802
Mms=0.3841
Sd=0.1056
Vas=0.20413
Dia=0
Vd=0.001716
no=0.004415
Dd=0.3667
EBP=43.55
numVC=2
Hc=0
Hg=0
SPLmax=115.6
SPLmaxLF=105.25
USPL=98.14
alfaVC=0
Rt=0
Ct=0
gamma=25.18615
Rme=105.09094
Mpow=10.25139
Mcost=0
c=343.68
roo=1.20095
