[Driver]
Brand=Kicker
Model=S8L74
Manufacturer=
ProvidedBy=Janne Ahonen
Comment=
DateAdded=20020324
DateModified=20020324
Qts=0.517
Znom=2
Fs=38.5
Pe=450
SPL=84.12
Re=1.538
Le=0.00242
fLe=0
KLe=0
BL=8.8695
Xmax=0.0107
Cms=0.0001472
Qms=8.923
Qes=0.549
Rms=3.14747
Mms=0.1161
Sd=0.0273
Vas=0.01556
Dia=0
Vd=0.000292
no=0.001573
Dd=0.1864
EBP=70.13
numVC=2
Hc=0
Hg=0
SPLmax=107.65
SPLmaxLF=89.88
USPL=91.29
alfaVC=0
Rt=0
Ct=0
gamma=76.39535
Rme=51.1537
Mpow=7.15218
Mcost=0
c=343.68
roo=1.20095
