[Driver]
Brand=Kicker
Model=S8L72
Manufacturer=
ProvidedBy=Janne Ahonen
Comment=
DateAdded=20020324
DateModified=20020324
Qts=0.48
Znom=2
Fs=38
Pe=450
SPL=84.07
Re=0.84
Le=0
fLe=0
KLe=0
BL=7.066
Xmax=0.0107
Cms=0.0001393
Qms=9.262
Qes=0.506
Rms=3.24552
Mms=0.1259
Sd=0.0273
Vas=0.01474
Dia=0
Vd=0.000292
no=0.001554
Dd=0.1864
EBP=75.1
numVC=2
Hc=0
Hg=0
SPLmax=107.6
SPLmaxLF=89.88
USPL=93.86
alfaVC=0
Rt=0
Ct=0
gamma=56.12391
Rme=59.40714
Mpow=7.7076
Mcost=0
c=343.68
roo=1.20095
