[Driver]
Brand=Kicker
Model=S12L74
Manufacturer=
ProvidedBy=Janne Ahonen
Comment=
DateAdded=20020324
DateModified=20020324
Qts=0.666
Znom=2
Fs=31.7
Pe=750
SPL=87.08
Re=1.982
Le=0.00325
fLe=0
KLe=0
BL=10.784
Xmax=0.0132
Cms=0.0001207
Qms=10.857
Qes=0.709
Rms=3.83237
Mms=0.2089
Sd=0.0645
Vas=0.0712
Dia=0
Vd=0.000851
no=0.003111
Dd=0.2866
EBP=44.71
numVC=2
Hc=0
Hg=0
SPLmax=112.83
SPLmaxLF=99.17
USPL=93.15
alfaVC=0
Rt=0
Ct=0
gamma=51.62279
Rme=58.68557
Mpow=7.66065
Mcost=0
c=343.68
roo=1.20095
