[Driver]
Brand=Kicker
Model=S10L74
Manufacturer=
ProvidedBy=Janne Ahonen
Comment=
DateAdded=20020324
DateModified=20020324
Qts=0.551
Znom=2
Fs=33.7
Pe=600
SPL=85.88
Re=1.954
Le=0.00323
fLe=0
KLe=0
BL=10.8565
Xmax=0.0132
Cms=0.0001348
Qms=10.655
Qes=0.581
Rms=3.28893
Mms=0.1655
Sd=0.0439
Vas=0.03684
Dia=0
Vd=0.000579
no=0.00236
Dd=0.2364
EBP=58
numVC=2
Hc=0
Hg=0
SPLmax=110.66
SPLmaxLF=95.83
USPL=92.01
alfaVC=0
Rt=0
Ct=0
gamma=65.59819
Rme=60.31588
Mpow=7.76633
Mcost=0
c=343.68
roo=1.20095
