[Driver]
Brand=Kicker
Model=S15L74
Manufacturer=
ProvidedBy=Janne Ahonen
Comment=
DateAdded=20020324
DateModified=20020324
Qts=0.524
Znom=2
Fs=22.9
Pe=1000
SPL=88.73
Re=1.734
Le=0.00367
fLe=0
KLe=0
BL=12.7465
Xmax=0.0163
Cms=0.0001351
Qms=11.652
Qes=0.549
Rms=4.41583
Mms=0.3576
Sd=0.1056
Vas=0.21361
Dia=0
Vd=0.001716
no=0.004544
Dd=0.3667
EBP=41.71
numVC=2
Hc=0
Hg=0
SPLmax=115.73
SPLmaxLF=105.25
USPL=95.37
alfaVC=0
Rt=0
Ct=0
gamma=35.64457
Rme=93.72178
Mpow=9.681
Mcost=0
c=343.68
roo=1.20095
