[Driver]
Brand=Peerless
Model=Resolution 15 P822009
Manufacturer=Peerless
ProvidedBy=Administrator
Comment=
DateAdded=20040915
DateModified=20040915
Qts=0.34
Znom=4
Fs=22.3
Pe=1000
SPL=89.505946174881
Re=3.2
Le=0
fLe=0
KLe=0
BL=17.7
Xmax=0.0114
Cms=0.000199751641430549
Qms=4.97404856048482
Qes=0.364945789516695
Rms=7.1831492625786
Mms=0.255
Sd=0.0805607243013469
Vas=0.1839
Dia=0
Vd=0.000918392257035354
no=0.00543437115277555
Dd=0.320270354439779
EBP=61.1049658348773
numVC=1
Hc=0
Hg=0
SPLmax=116.505946174881
SPLmaxLF=99.8249758704965
USPL=93.4901751021677
alfaVC=0
Rt=0
Ct=0
gamma=69.4117647058823
Rme=97.903125
Mpow=9.89460080043657
Mcost=0
Gloss=0.0438173755070963
VCCon=1
c=343.684120962152
roo=1.20095217714682
Thick=0.008
Depth=0
MagDepth=0
Magnet=0
Basket=0
Outer=0
Vcd=0.065
DVol=0
ParState=CEECENNNEENCCCECECCENCCENNCCCNNNCCCCNCENNNNNENNCC
