[Driver]
Brand=Peerless
Model=XLS-10 CAR 269 SWR 51 147 NX 4L ALP 4 ohm 830514
Manufacturer=Peerless
ProvidedBy=Janne Ahonen
Comment=
DateAdded=20040915
DateModified=20040915
Qts=0.410945897134878
Znom=4
Fs=38.8
Pe=0
SPL=86.6746229115257
Re=1.8
Le=0.0015
fLe=0
KLe=0
BL=11
Xmax=0.0125
Cms=0.000139056547266731
Qms=6.47
Qes=0.438817661853422
Rms=4.55924240805977
Mms=0.121
Sd=0.0333
Vas=0.0218738161170706
Dia=0
Vd=0.00041625
no=0.00283150263352622
Dd=0.205909875527331
EBP=88.4194128288307
numVC=1
Hc=0.033
Hg=0.008
SPLmax=0
SPLmaxLF=92.9514965301284
USPL=93.1576265709785
alfaVC=0
Rt=0
Ct=0
gamma=90.9090909090909
Rme=67.2222222222222
Mpow=8.19891591749923
Mcost=172.256944444444
Gloss=0.0132004116479718
VCCon=1
c=343.684120962152
roo=1.20095217714682
Thick=0
Depth=0
MagDepth=0
Magnet=0.147
Basket=0
Outer=0
Vcd=0.051
DVol=0
ParState=EENCEENNECNCECCCEECCNCCEEENCCNNNCCCCCCNNNENNENNCC
