[Driver]
Brand=Peerless
Model=CSX 217 H WR 33 102 SD 4L AL 8 ohm 850136
Manufacturer=D-S-T
ProvidedBy=Janne Ahonen
Comment=
DateAdded=20040915
DateModified=20040915
Qts=0.280618998001972
Znom=8
Fs=27.4
Pe=150
SPL=89.4489207064535
Re=5.9
Le=0.0026
fLe=0
KLe=0
BL=10.4
Xmax=0.004
Cms=0.00104134378030199
Qms=3.61
Qes=0.30427114895507
Rms=1.5451414372027
Mms=0.0324
Sd=0.0235
Vas=0.0815782716745043
Dia=0
Vd=9.4E-5
no=0.00536348103582551
Dd=0.17297725082009
EBP=90.051258865973
numVC=1
Hc=0.014
Hg=0.006
SPLmax=108.20983329701
SPLmaxLF=80.0269686718349
USPL=90.7761293005179
alfaVC=0
Rt=0
Ct=0
gamma=320.987654320988
Rme=18.3322033898305
Mpow=4.28161224188162
Mcost=30.5536723163842
Gloss=0.0827179612630977
VCCon=1
c=343.684120962152
roo=1.20095217714682
Thick=0.003
Depth=0.091
MagDepth=0.02
Magnet=0.102
Basket=0.184
Outer=0.217
Vcd=0.033
DVol=0.000845937931167592
ParState=CEECEENNECNCECCCEECCNCCEEECCCNNNCCCCCCEEEEEEECNCC
