[Driver]
Brand=Peerless
Model=Resolution 12 P822008
Manufacturer=Peerless
ProvidedBy=Janne Ahonen
Comment=
DateAdded=20040915
DateModified=20040915
Qts=0.33
Znom=4
Fs=25
Pe=400
SPL=88.5316255002522
Re=3.5
Le=0
fLe=0
KLe=0
BL=14.8
Xmax=0.0102
Cms=0.000291571751488742
Qms=6.09721900920989
Qes=0.348882584452939
Rms=3.58098813729153
Mms=0.139
Sd=0.0490967259968125
Vas=0.0997
Dia=0
Vd=0.000500786605167488
no=0.00434227404547688
Dd=0.250023784980887
EBP=71.6573458064723
numVC=1
Hc=0
Hg=0
SPLmax=111.552225413532
SPLmaxLF=94.5574656804201
USPL=92.1266737672353
alfaVC=0
Rt=0
Ct=0
gamma=106.474820143885
Rme=62.5828571428571
Mpow=7.91093276060776
Mcost=0
Gloss=0.0389655445320052
VCCon=1
c=343.684120962152
roo=1.20095217714682
Thick=0.008
Depth=0
MagDepth=0
Magnet=0
Basket=0
Outer=0
Vcd=0.05
DVol=0
ParState=EEECENNNEENCCCECECCENCCENNCCCNNNCCCCNCENNNNNENNCC
