[Driver]
Brand=Peerless
Model=SLS 213 SWR 39 115 THSX AL SLS 8 Ohm 830667
Manufacturer=
ProvidedBy=Janne Ahonen
Comment=
DateAdded=20040915
DateModified=20040915
Qts=0.51176437432362
Znom=8
Fs=34.4
Pe=0
SPL=86.5391880771164
Re=5.5
Le=0.0024
fLe=0
KLe=0
BL=8.3
Xmax=0.0085
Cms=0.000658627738241681
Qms=5.85
Qes=0.560826048103459
Rms=1.2007865253721
Mms=0.0325
Sd=0.0204
Vas=0.0388816780702911
Dia=0
Vd=0.0001734
no=0.0027445647834983
Dd=0.161164781241428
EBP=61.3380924732905
numVC=1
Hc=0.025
Hg=0.008
SPLmax=0
SPLmaxLF=85.3453934626447
USPL=88.1712898926598
alfaVC=0
Rt=0
Ct=0
gamma=255.384615384615
Rme=12.5254545454545
Mpow=3.53913189150313
Mcost=25.83375
Gloss=0.0246959153588121
VCCon=1
c=343.684120962152
roo=1.20095217714682
Thick=0.0035
Depth=0.1
MagDepth=0.022
Magnet=0.115
Basket=0.178
Outer=0.2135
Vcd=0.039
DVol=0.000918321573926251
ParState=EENCEENNECNCECCCEECCNCCEEENCCNNNCCCCCCEEEEEEECNCC
