[Driver]
Brand=Peerless
Model=CSX 257 H SWR 39 115 SDX 4L AL 8 ohm 850146
Manufacturer=D-S-T
ProvidedBy=Janne Ahonen
Comment=
DateAdded=20040915
DateModified=20040915
Qts=0.360119349783246
Znom=8
Fs=21.9
Pe=200
SPL=87.7499369211765
Re=5.5
Le=0.0029
fLe=0
KLe=0
BL=10
Xmax=0.009
Cms=0.000958518357212742
Qms=2.64
Qes=0.417002128307629
Rms=2.87191548421232
Mms=0.0551
Sd=0.033
Vas=0.148072006881468
Dia=0
Vd=0.000297
no=0.00362700680876725
Dd=0.204980255088778
EBP=52.5177175686835
numVC=1
Hc=0.026
Hg=0.008
SPLmax=107.760236877816
SPLmaxLF=90.0195405861851
USPL=89.3820387367198
alfaVC=0
Rt=0
Ct=0
gamma=181.488203266788
Rme=18.1818181818182
Mpow=4.26401432711221
Mcost=38.6363636363636
Gloss=0.0575479953368438
VCCon=1
c=343.684120962152
roo=1.20095217714682
Thick=0
Depth=0
MagDepth=0.022
Magnet=0.115
Basket=0
Outer=0
Vcd=0.039
DVol=0
ParState=CEECEENNECNCECCCEECCNCCEEECCCNNNCCCCCCNNEENNENNCC
