[Driver]
Brand=Peerless
Model=Resolution 10 P822007
Manufacturer=Peerless
ProvidedBy=Janne Ahonen
Comment=
DateAdded=20040915
DateModified=20040915
Qts=0.33
Znom=4
Fs=30
Pe=400
SPL=87.1118849335548
Re=3.5
Le=0
fLe=0
KLe=0
BL=14.4
Xmax=0.0102
Cms=0.000263035263868997
Qms=10.7709286586846
Qes=0.340430106704102
Rms=1.87254279321441
Mms=0.107
Sd=0.0329863076130857
Vas=0.0406
Dia=0
Vd=0.000336460337653474
no=0.00313143334684236
Dd=0.204937725389396
EBP=88.1238157530986
numVC=1
Hc=0
Hg=0
SPLmax=110.132484846834
SPLmaxLF=91.1030891283391
USPL=90.7069332005378
alfaVC=0
Rt=0
Ct=0
gamma=134.579439252336
Rme=59.2457142857143
Mpow=7.69712376707782
Mcost=0
Gloss=0.0270594059250036
VCCon=1
c=343.684120962152
roo=1.20095217714682
Thick=0.008
Depth=0
MagDepth=0
Magnet=0
Basket=0
Outer=0
Vcd=0.05
DVol=0
ParState=EEECENNNEENCCCECECCENCCENNCCCNNNCCCCNCENNNNNENNCC
