[Driver]
Brand=Peerless
Model=CSX 176 H WR 33 102 SD AL 8 ohm 850122
Manufacturer=D-S-T
ProvidedBy=Janne Ahonen
Comment=
DateAdded=20040915
DateModified=20040915
Qts=0.441473993886405
Znom=8
Fs=36.8
Pe=150
SPL=86.186628176019
Re=6.1
Le=0.0013
fLe=0
KLe=0
BL=7
Xmax=0.0055
Cms=0.000984444019507716
Qms=2.29
Qes=0.546908965660363
Rms=1.9184293304716
Mms=0.019
Sd=0.0143
Vas=0.0285566821731322
Dia=0
Vd=7.865E-5
no=0.00253056499580919
Dd=0.134934522972117
EBP=67.2872494521387
numVC=1
Hc=0.017
Hg=0.006
SPLmax=104.947540766576
SPLmaxLF=78.478386139027
USPL=87.3690585363971
alfaVC=0
Rt=0
Ct=0
gamma=368.421052631579
Rme=8.0327868852459
Mpow=2.83421715562621
Mcost=15.396174863388
Gloss=0.0333505201698548
VCCon=1
c=343.684120962152
roo=1.20095217714682
Thick=0.003
Depth=0.077
MagDepth=0.016
Magnet=0.102
Basket=0.142
Outer=0.176
Vcd=0.033
DVol=0.000510009044166302
ParState=EEECEENNECNCECCCEECCNCCEEECCCNNNCCCCCCEEEEEEECNCC
