[Driver]
Brand=Peerless
Model=SLS 263 SWR 39 115 THSX 4L AL SLS 8 Ohm 830668
Manufacturer=Peerless
ProvidedBy=Janne Ahonen
Comment=
DateAdded=20040915
DateModified=20040915
Qts=0.520754868487093
Znom=8
Fs=27.8
Pe=0
SPL=87.2990622187587
Re=5.5
Le=0.0028
fLe=0
KLe=0
BL=9.9
Xmax=0.0155
Cms=0.000560266693354435
Qms=5.67
Qes=0.573419992427955
Rms=1.80217711905929
Mms=0.0585
Sd=0.0336
Vas=0.0897259382208893
Dia=0
Vd=0.0005208
no=0.00326934611697027
Dd=0.206835317833056
EBP=48.4810442033774
numVC=1
Hc=0.039
Hg=0.008
SPLmax=0
SPLmaxLF=94.8978311110436
USPL=88.9311640343021
alfaVC=0
Rt=0
Ct=0
gamma=169.230769230769
Rme=17.82
Mpow=4.22137418384109
Mcost=52.34625
Gloss=0.0207367001968052
VCCon=1
c=343.684120962152
roo=1.20095217714682
Thick=0
Depth=0.1198
MagDepth=0.022
Magnet=0.115
Basket=0.226
Outer=0
Vcd=0.039
DVol=0.00156935173673834
ParState=CENCEENNECNCECCCEECCNCCEEENCCNNNCCCCCCNEEEENECNCC
