[Driver]
Brand=Peerless
Model=XLS-12 308 SWR 51 147 NX ALP 4L XLS 8/5 ohm 830500
Manufacturer=Peerless
ProvidedBy=Janne Ahonen
Comment=
DateAdded=20040915
DateModified=20040915
Qts=0.202141281135298
Znom=8
Fs=18.1
Pe=300
SPL=88.020541803083
Re=3.5
Le=0.0042
fLe=0
KLe=0
BL=17.6
Xmax=0.0125
Cms=0.000464654119230513
Qms=3.7
Qes=0.213823027261477
Rms=5.11458076637183
Mms=0.1664
Sd=0.0466
Vas=0.143135141956804
Dia=0
Vd=0.0005825
no=0.00386019157958072
Dd=0.243583584801313
EBP=84.6494422598652
numVC=1
Hc=0.033
Hg=0.008
SPLmax=109.79175435028
SPLmaxLF=95.870330193802
USPL=91.615590070066
alfaVC=0
Rt=0
Ct=0
gamma=105.769230769231
Rme=88.5028571428572
Mpow=9.40759571531734
Mcost=226.788571428571
Gloss=0.0606587946379006
VCCon=1
c=343.684120962152
roo=1.20095217714682
Thick=0.005
Depth=0.128
MagDepth=0.035
Magnet=0.147
Basket=0.277
Outer=0.308
Vcd=0.051
DVol=0.00240439711957899
ParState=EEECEENNECNCECCCEECCNCCEEECCCNNNCCCCCCEEEEEEECNCC
