[Driver]
Brand=Peerless
Model=CSX 145 H WR 26 90 SD AL 8 ohm 850108
Manufacturer=D-S-T
ProvidedBy=Janne Ahonen
Comment=
DateAdded=20040915
DateModified=20040915
Qts=0.348475459821127
Znom=8
Fs=47.1
Pe=110
SPL=86.9840584167728
Re=6.1
Le=0
fLe=0
KLe=0
BL=6.6
Xmax=0.0045
Cms=0.00109790587673953
Qms=1.82
Qes=0.430998817591827
Rms=1.69107444553233
Mms=0.0104
Sd=0.0091
Vas=0.012897114112778
Dia=0
Vd=4.095E-5
no=0.00304060860628108
Dd=0.107640512155461
EBP=109.281042261711
numVC=1
Hc=0.015
Hg=0.006
SPLmax=104.397985268355
SPLmaxLF=72.8094897217697
USPL=88.166488777151
alfaVC=0
Rt=0
Ct=0
gamma=634.615384615385
Rme=7.14098360655738
Mpow=2.67226188959042
Mcost=12.4967213114754
Gloss=0.0248832218061618
VCCon=1
c=343.684120962152
roo=1.20095217714682
Thick=0.003
Depth=0.0635
MagDepth=0.015
Magnet=0.09
Basket=0.117
Outer=0.145
Vcd=0.026
DVol=0.000286661155900729
ParState=EEECENNNECNCECCCEECCNCCEEECCCNNNCCCCCCEEEEEEECNCC
