[Driver]
Brand=Peerless
Model=SLS 315 SWR 39 134 THSX 4L AL SLS 8 Ohm 830669
Manufacturer=Peerless
ProvidedBy=Janne Ahonen
Comment=
DateAdded=20040915
DateModified=20040915
Qts=0.451606503871678
Znom=8
Fs=24.4
Pe=0
SPL=89.990064669286
Re=5.5
Le=0.003
fLe=0
KLe=0
BL=12
Xmax=0.008
Cms=0.000508925642001985
Qms=5.83
Qes=0.489526457940866
Rms=2.19840355351582
Mms=0.0836
Sd=0.054
Vas=0.210516674495095
Dia=0
Vd=0.000432
no=0.00607520791579894
Dd=0.262211623342099
EBP=49.8440883106414
numVC=1
Hc=0.024
Hg=0.008
SPLmax=0
SPLmaxLF=93.2740865361391
USPL=91.6221664848293
alfaVC=0
Rt=0
Ct=0
gamma=143.540669856459
Rme=26.1818181818182
Mpow=5.11681719253465
Mcost=52.3636363636364
Gloss=0.0521544415126001
VCCon=1
c=343.684120962152
roo=1.20095217714682
Thick=0
Depth=0.15
MagDepth=0.022
Magnet=0.134
Basket=0.277
Outer=0
Vcd=0.039
DVol=0.00300791164407926
ParState=CENCEENNECNCECCCEECCNCCEEENCCNNNCCCCCCNEEEENECNCC
