[Driver]
Brand=Peerless
Model=XLS-10 269 SWR 51 147 NX ALP 4L XLS 8/5 ohm 830452
Manufacturer=Peerless
ProvidedBy=Janne Ahonen
Comment=
DateAdded=20040915
DateModified=20040915
Qts=0.167164052835069
Znom=8
Fs=18.9
Pe=400
SPL=87.4507687814803
Re=3.4
Le=0.0043
fLe=0
KLe=0
BL=17.5
Xmax=0.0125
Cms=0.000523718590754543
Qms=2.63
Qes=0.178510249317386
Rms=6.11370653695475
Mms=0.1354
Sd=0.0352
Vas=0.092050884440778
Dia=0
Vd=0.00044
no=0.00338556812278206
Dd=0.211702697136049
EBP=105.876273616068
numVC=1
Hc=0.033
Hg=0.008
SPLmax=110.47136869476
SPLmaxLF=93.4334651295646
USPL=91.1717083215435
alfaVC=0
Rt=0
Ct=0
gamma=129.246676514033
Rme=90.0735294117647
Mpow=9.49070752956621
Mcost=230.813419117647
Gloss=0.0556323387120255
VCCon=1
c=343.684120962152
roo=1.20095217714682
Thick=0.00475
Depth=0.11925
MagDepth=0.035
Magnet=0.147
Basket=0.239
Outer=0.269
Vcd=0.051
DVol=0.00187805246793474
ParState=EEECEENNECNCECCCEECCNCCEEECCCNNNCCCCCCEEEEEEECNCC
