[Driver]
Brand=Peerless
Model=Resolution 12 822008
Manufacturer=
ProvidedBy=jahonen
Comment=
DateAdded=20060428
DateModified=20060428
Qts=0.426780268528125
Znom=4
Fs=29.9149686486921
Pe=0
SPL=86.9675620961366
Re=3.5
Le=0.0053
fLe=0
KLe=0
BL=15.6
Xmax=0
Cms=0.00017
Qms=8.24
Qes=0.450092219793398
Rms=3.79800425134956
Mms=0.1665
Sd=0.0466
Vas=0.052367929446
Dia=0
Vd=0
no=0.00302908101039107
Dd=0.243583584801313
EBP=66.4640874317351
numVC=1
Hc=0
Hg=0
SPLmax=0
SPLmaxLF=0
USPL=90.5626103631196
alfaVC=0
Rt=0
Ct=0
gamma=93.6936936936937
Rme=69.5314285714286
Mpow=8.33855074766764
Mcost=0
Gloss=0
VCCon=1
c=343.684120962152
roo=1.20095217714682
Thick=0
Depth=0
MagDepth=0
Magnet=0
Basket=0
Outer=0
Vcd=0.051
DVol=0
ParState=ECNCEENNENNEECCCEENCNCCENNNNCNNNCCCCNNNNNNNNENNCC
