[Driver]
Brand=Peerless
Model=XLS-12 CAR 308 SWR 51 147 NX ALP 4L 4 ohm 830515
Manufacturer=Peerless
ProvidedBy=Janne Ahonen
Comment=
DateAdded=20040915
DateModified=20040915
Qts=0.298606210393682
Znom=4
Fs=28.2
Pe=0
SPL=89.6881464566114
Re=1.8
Le=0.0019
fLe=0
KLe=0
BL=10.9
Xmax=0.0125
Cms=0.000268569912465091
Qms=4.81
Qes=0.318370760562435
Rms=4.36886464107448
Mms=0.1186
Sd=0.0466
Vas=0.0827320601605311
Dia=0
Vd=0.0005825
no=0.00566721024220757
Dd=0.243583584801313
EBP=88.575973340585
numVC=1
Hc=0.033
Hg=0.008
SPLmax=0
SPLmaxLF=95.870330193802
USPL=96.1711501160642
alfaVC=0
Rt=0
Ct=0
gamma=91.9055649241147
Rme=66.0055555555556
Mpow=8.12438031824924
Mcost=169.139236111111
Gloss=0.024989220501135
VCCon=1
c=343.684120962152
roo=1.20095217714682
Thick=0
Depth=0
MagDepth=0.035
Magnet=0.147
Basket=0
Outer=0
Vcd=0.051
DVol=0
ParState=EENCEENNECNCECCCEECCNCCEEENCCNNNCCCCCCNNEENNENNCC
