[Driver]
Brand=Rockford Fosgate
Model=RFP 2412
Manufacturer=
ProvidedBy=Janne Ahonen
Comment=
DateAdded=20020324
DateModified=20020324
Qts=0.479
Znom=6
Fs=28
Pe=200
SPL=89.1
Re=3.7
Le=0.0033
fLe=0
KLe=0
BL=11.8
Xmax=0.008
Cms=0.0002911
Qms=6.2
Qes=0.519
Rms=3.1494
Mms=0.111
Sd=0.054
Vas=0.12042
Dia=0
Vd=0.000432
no=0.004953
Dd=0.2622
EBP=53.96
numVC=1
Hc=0
Hg=0
SPLmax=109.11
SPLmaxLF=93.27
USPL=92.46
alfaVC=0
Rt=0
Ct=0
gamma=106.30631
Rme=37.63243
Mpow=6.13453
Mcost=0
c=343.68
roo=1.20095
