[Driver]
Brand=Rockford Fosgate
Model=RFP 2812
Manufacturer=
ProvidedBy=Janne Ahonen
Comment=
DateAdded=20020324
DateModified=20020324
Qts=0.627
Znom=8
Fs=30
Pe=200
SPL=88.68
Re=7.3
Le=0.0052
fLe=0
KLe=0
BL=13.8
Xmax=0.008
Cms=0.0002902
Qms=5.91
Qes=0.701
Rms=3.09324
Mms=0.097
Sd=0.054
Vas=0.12004
Dia=0
Vd=0.000432
no=0.004496
Dd=0.2622
EBP=42.8
numVC=1
Hc=0
Hg=0
SPLmax=108.69
SPLmaxLF=93.27
USPL=89.09
alfaVC=0
Rt=0
Ct=0
gamma=142.26804
Rme=26.08767
Mpow=5.10761
Mcost=0
c=343.68
roo=1.20095
