[Driver]
Brand=Seas
Model=W26FX001
Manufacturer=
ProvidedBy=Janne Ahonen
Comment=
DateAdded=20020328
DateModified=20020328
Qts=0.348
Znom=8
Fs=20
Pe=150
SPL=87.24
Re=6.3
Le=0.00143
fLe=0
KLe=0
BL=10.54331
Xmax=0.007
Cms=0.0011
Qms=2.28
Qes=0.41
Rms=3.17295
Mms=0.0576
Sd=0.033
Vas=0.16992
Dia=0
Vd=0.000231
no=0.003224
Dd=0.205
EBP=48.78
numVC=1
Hc=0.02
Hg=0.006
SPLmax=106
SPLmaxLF=87.84
USPL=88.28
alfaVC=0
Rt=0
Ct=0
gamma=183.14265
Rme=17.64467
Mpow=4.20056
Mcost=38.23012
c=343.68
roo=1.20095
