[Driver]
Brand=Seas
Model=L21RN4X/P
Manufacturer=
ProvidedBy=Janne Ahonen
Comment=
DateAdded=20020217
DateModified=20020217
Qts=0.267
Znom=8
Fs=23
Pe=125
SPL=87.48
Re=6
Le=0.0027
fLe=0
KLe=0
BL=11
Xmax=0.007
Cms=0.0012
Qms=3.98
Qes=0.286
Rms=1.44887
Mms=0.0399
Sd=0.022
Vas=0.08239
Dia=0
Vd=0.000154
no=0.00341
Dd=0.1674
EBP=80.44
numVC=1
Hc=0.02
Hg=0.006
SPLmax=105.45
SPLmaxLF=84.31
USPL=88.74
alfaVC=0
Rt=0
Ct=0
gamma=275.68922
Rme=20.16667
Mpow=4.49073
Mcost=43.69444
c=343.68
roo=1.20095
