[Driver]
Brand=Sony
Model=XSL122P5S
Manufacturer=
ProvidedBy=jahonen
Comment=
DateAdded=20060417
DateModified=20060417
Qts=0.369473684210526
Znom=4
Fs=24.8
Pe=380
SPL=87.3363618947042
Re=3.3
Le=0
fLe=0
KLe=0
BL=14.1
Xmax=0.0057
Cms=0.000273136385752493
Qms=7.02
Qes=0.39
Rms=3.3469696969697
Mms=0.150784723265871
Sd=0.0473039542010344
Vas=0.0867
Dia=0
Vd=0.000269632538945896
no=0.00329754604283782
Dd=0.245416513525676
EBP=63.5897435897436
numVC=1
Hc=0
Hg=0
SPLmax=110.134197860872
SPLmaxLF=89.1798576235702
USPL=91.1869512064112
alfaVC=0
Rt=0
Ct=0
gamma=93.5107993343476
Rme=60.2454545454545
Mpow=7.76179454414084
Mcost=0
Gloss=0.070856993580658
VCCon=1
c=343.684120962152
roo=1.20095217714682
Thick=0
Depth=0
MagDepth=0
Magnet=0
Basket=0
Outer=0
Vcd=0
DVol=0
ParState=CEECENNNEENCEECCCCCENCCENNCCCNNNCCCCNCNNNNNNNNNCC
