[Driver]
Brand=Soundstream
Model=Granite Pro 15
Manufacturer=
ProvidedBy=Janne Ahonen
Comment=
DateAdded=20020330
DateModified=20020330
Qts=0.459
Znom=4
Fs=22.5
Pe=200
SPL=91.17
Re=3.19
Le=0.00065
fLe=0
KLe=0
BL=11.6
Xmax=0.005
Cms=0.000345
Qms=8.41
Qes=0.486
Rms=2.43794
Mms=0.145
Sd=0.0845
Vas=0.34953
Dia=0
Vd=0.000423
no=0.007967
Dd=0.328
EBP=46.3
numVC=1
Hc=0
Hg=0
SPLmax=111.18
SPLmaxLF=93.08
USPL=95.17
alfaVC=0
Rt=0
Ct=0
gamma=80
Rme=42.18182
Mpow=6.49475
Mcost=0
c=343.68
roo=1.20095
