[Driver]
Brand=SPL Dynamics
Model=PRO-15D2
Manufacturer=
ProvidedBy=Janne Ahonen
Comment=
DateAdded=20020113
DateModified=20020113
Qts=0.41
Znom=2
Fs=31
Pe=700
SPL=89.88
Re=0.914
Le=0
fLe=0
KLe=0
BL=11
Xmax=0.017
Cms=8.82E-5
Qms=5.93
Qes=0.44
Rms=9.81601
Mms=0.299
Sd=0.08484
Vas=0.09
Dia=0
Vd=0.001442
no=0.005926
Dd=0.3287
EBP=70.45
numVC=2
Hc=0
Hg=0
SPLmax=115.33
SPLmaxLF=103.75
USPL=99.31
alfaVC=0
Rt=0
Ct=0
gamma=36.7893
Rme=132.36101
Mpow=11.50483
Mcost=0
c=343.68
roo=1.20095
