[Driver]
Brand=SPL Dynamics
Model=PRO-15D4
Manufacturer=
ProvidedBy=Janne Ahonen
Comment=
DateAdded=20020113
DateModified=20020113
Qts=0.415
Znom=2
Fs=31
Pe=700
SPL=89.97
Re=1.84
Le=0
fLe=0
KLe=0
BL=14.8
Xmax=0.017
Cms=9.58E-5
Qms=5.29
Qes=0.45
Rms=10.13065
Mms=0.275
Sd=0.08315
Vas=0.094
Dia=0
Vd=0.001414
no=0.006052
Dd=0.3254
EBP=68.89
numVC=2
Hc=0
Hg=0
SPLmax=115.42
SPLmaxLF=103.57
USPL=96.36
alfaVC=0
Rt=0
Ct=0
gamma=53.81818
Rme=119.03145
Mpow=10.91015
Mcost=0
c=343.68
roo=1.20095
