[Driver]
Brand=SPL Dynamics
Model=V-12S4 2005
Manufacturer=
ProvidedBy=jahonen
Comment=
DateAdded=20050529
DateModified=20050529
Qts=0.300771161657013
Znom=6
Fs=23
Pe=300
SPL=89.2339800803337
Re=3.6
Le=0
fLe=0
KLe=0
BL=15.2
Xmax=0.007
Cms=0.000342023979348966
Qms=6.55
Qes=0.315247074449558
Rms=3.08883308230813
Mms=0.14
Sd=0.0529442563169811
Vas=0.136
Dia=0
Vd=0.000370609794218868
no=0.00510449387195186
Dd=0.259635746401328
EBP=72.9586469284752
numVC=1
Hc=0
Hg=0
SPLmax=111.00519262753
SPLmaxLF=91.9427494472051
USPL=92.7066837831466
alfaVC=0
Rt=0
Ct=0
gamma=108.571428571429
Rme=64.1777777777778
Mpow=8.01110340575989
Mcost=0
Gloss=0.0670821891416508
VCCon=1
c=343.684120962152
roo=1.20095217714682
Thick=0
Depth=0
MagDepth=0
Magnet=0
Basket=0
Outer=0
Vcd=0
DVol=0
ParState=CEECENNNEENCECCCECCENCCENNCCCNNNCCCCNCNNNNNNNNNCC
