[Driver]
Brand=SPL Dynamics
Model=PRO-12D4
Manufacturer=
ProvidedBy=Janne Ahonen
Comment=
DateAdded=20020113
DateModified=20020113
Qts=0.45
Znom=2
Fs=32
Pe=500
SPL=87.19
Re=1.665
Le=0
fLe=0
KLe=0
BL=11.6
Xmax=0.017
Cms=0.0001256
Qms=5.55
Qes=0.49
Rms=7.13489
Mms=0.197
Sd=0.05245
Vas=0.049
Dia=0
Vd=0.000892
no=0.003187
Dd=0.2584
EBP=65.31
numVC=2
Hc=0
Hg=0
SPLmax=111.18
SPLmaxLF=99.57
USPL=94.01
alfaVC=0
Rt=0
Ct=0
gamma=58.88325
Rme=80.8351
Mpow=8.99083
Mcost=0
c=343.68
roo=1.20095
