[Driver]
Brand=SPL Dynamics
Model=V-12S
Manufacturer=
ProvidedBy=Janne Ahonen
Comment=
DateAdded=20020113
DateModified=20020113
Qts=0.336
Znom=6
Fs=28.2
Pe=300
SPL=91.36
Re=3.7
Le=0
fLe=0
KLe=0
BL=12.8
Xmax=0.0071
Cms=0.0003543
Qms=4.99
Qes=0.36
Rms=3.19227
Mms=0.0899
Sd=0.0523
Vas=0.13747
Dia=0
Vd=0.000373
no=0.008335
Dd=0.2581
EBP=78.39
numVC=1
Hc=0
Hg=0
SPLmax=113.13
SPLmaxLF=92
USPL=94.72
alfaVC=0
Rt=0
Ct=0
gamma=142.38042
Rme=44.28108
Mpow=6.6544
Mcost=0
c=343.68
roo=1.20095
