[Driver]
Brand=SPL Dynamics
Model=PRO-12D2
Manufacturer=
ProvidedBy=Janne Ahonen
Comment=
DateAdded=20020113
DateModified=20020113
Qts=0.428
Znom=2
Fs=32
Pe=500
SPL=87.46
Re=0.8
Le=0
fLe=0
KLe=0
BL=8.3
Xmax=0.017
Cms=0.0001256
Qms=6.18
Qes=0.46
Rms=6.40926
Mms=0.197
Sd=0.05245
Vas=0.049
Dia=0
Vd=0.000892
no=0.003395
Dd=0.2584
EBP=69.57
numVC=2
Hc=0
Hg=0
SPLmax=111.45
SPLmaxLF=99.57
USPL=97.47
alfaVC=0
Rt=0
Ct=0
gamma=42.13198
Rme=86.10696
Mpow=9.27938
Mcost=0
c=343.68
roo=1.20095
