[Driver]
Brand=SPL Dynamics
Model=V-10S
Manufacturer=
ProvidedBy=Janne Ahonen
Comment=
DateAdded=20020113
DateModified=20020113
Qts=0.36
Znom=6
Fs=35.3
Pe=200
SPL=89.99
Re=3.7
Le=0
fLe=0
KLe=0
BL=11.9
Xmax=0.0068
Cms=0.0003016
Qms=4.67
Qes=0.391
Rms=3.20109
Mms=0.0674
Sd=0.036
Vas=0.0555
Dia=0
Vd=0.000244
no=0.006073
Dd=0.2141
EBP=90.38
numVC=1
Hc=0
Hg=0
SPLmax=110
SPLmaxLF=88.32
USPL=93.34
alfaVC=0
Rt=0
Ct=0
gamma=176.55786
Rme=38.27297
Mpow=6.18652
Mcost=0
c=343.68
roo=1.20095
