[Driver]
Brand=Stryke Audio
Model=HE15
Manufacturer=
ProvidedBy=Janne Ahonen
Comment=
DateAdded=20020331
DateModified=20020331
Qts=0.326
Znom=2
Fs=26.06
Pe=2000
SPL=89.42
Re=1.5
Le=0
fLe=0
KLe=0
BL=13.52704
Xmax=0.0229
Cms=0.0001451
Qms=6
Qes=0.345
Rms=7.01427
Mms=0.257
Sd=0.072
Vas=0.1067
Dia=0
Vd=0.001645
no=0.005325
Dd=0.3028
EBP=75.54
numVC=2
Hc=0
Hg=0
SPLmax=119.43
SPLmaxLF=104.89
USPL=96.69
alfaVC=0
Rt=0
Ct=0
gamma=52.63441
Rme=121.98726
Mpow=11.04478
Mcost=0
c=343.68
roo=1.20095
