[Driver]
Brand=Stryke Audio
Model=SAL-PB12
Manufacturer=
ProvidedBy=Janne Ahonen
Comment=
DateAdded=20020331
DateModified=20020331
Qts=0.286
Znom=4
Fs=20
Pe=300
SPL=88.62
Re=3.6
Le=0
fLe=0
KLe=0
BL=14.5
Xmax=0.014
Cms=0.0004428
Qms=3.96
Qes=0.308
Rms=4.53786
Mms=0.143
Sd=0.0528
Vas=0.1753
Dia=0
Vd=0.000739
no=0.004428
Dd=0.2593
EBP=65
numVC=1
Hc=0.038
Hg=0.01
SPLmax=110.39
SPLmaxLF=97.94
USPL=92.09
alfaVC=0
Rt=0
Ct=0
gamma=101.3986
Rme=58.40278
Mpow=7.64217
Mcost=140.16667
c=343.68
roo=1.20095
