[Driver]
Brand=Zachry
Model=BX-406
Manufacturer=
ProvidedBy=Janne Ahonen
Comment=
DateAdded=20020422
DateModified=20020422
Qts=0.295
Znom=4
Fs=45.02
Pe=200
SPL=88.59
Re=3.4
Le=0.00103
fLe=0
KLe=0
BL=7.8
Xmax=0.0036
Cms=0.000625
Qms=4.52
Qes=0.316
Rms=1.25152
Mms=0.02
Sd=0.0133
Vas=0.01567
Dia=0
Vd=4.8E-5
no=0.004401
Dd=0.1301
EBP=142.4
numVC=1
Hc=0
Hg=0
SPLmax=108.6
SPLmaxLF=74.17
USPL=92.31
alfaVC=0
Rt=0
Ct=0
gamma=390
Rme=17.89412
Mpow=4.23014
Mcost=0
Gloss=0.034045
c=343.68
roo=1.20095
