[Driver]
Brand=Zachry
Model=BX-408
Manufacturer=
ProvidedBy=Janne Ahonen
Comment=
DateAdded=20020422
DateModified=20020422
Qts=0.338
Znom=4
Fs=43.34
Pe=240
SPL=89.7
Re=3.4
Le=0.00215
fLe=0
KLe=0
BL=8.5
Xmax=0.0038
Cms=0.000465
Qms=3.79
Qes=0.372
Rms=2.08372
Mms=0.029
Sd=0.0201
Vas=0.02668
Dia=0
Vd=7.6E-5
no=0.005677
Dd=0.16
EBP=116.62
numVC=1
Hc=0
Hg=0
SPLmax=110.5
SPLmaxLF=78.22
USPL=93.42
alfaVC=0
Rt=0
Ct=0
gamma=293.10345
Rme=21.25
Mpow=4.60977
Mcost=0
Gloss=0.034802
c=343.68
roo=1.20095
